10 0.8251927083333332 0.4065111111111111 0.033083333333333326 0.05917777777777777
10 0.8516822916666666 0.37083333333333335 0.03114062499999998 0.05527777777777778
10 0.7672135416666667 0.3161444444444444 0.031557291666666744 0.056022222222222175
10 0.8864114583333333 0.375 0.02706770833333323 0.04638888888888889
10 0.8356927083333333 0.32187777777777776 0.028166666666666628 0.04772222222222227
10 0.8154270833333332 0.34244444444444444 0.03283854166666676 0.05129999999999996
9 0.3354479166666666 0.2078111111111111 0.016786458333333344 0.034177777777777765
9 0.3041979166666666 0.21484444444444445 0.018479166666666675 0.03792222222222222
9 0.3686510416666666 0.1974 0.016218749999999935 0.034177777777777765
9 0.2958958333333333 0.24232222222222222 0.019500000000000028 0.041277777777777754
9 0.3115208333333333 0.2664111111111111 0.019302083333333307 0.03971111111111112
9 0.37109375 0.22135555555555556 0.017578125 0.03721111111111112
9 0.361328125 0.2543 0.017989583333333316 0.03987777777777776
9 0.357421875 0.20377777777777778 0.016161458333333437 0.033922222222222256
5 0.5014635416666666 0.48490000000000005 0.014447916666666671 0.03623333333333335
3 0.7443854166666667 0.6343777777777778 0.05410937499999993 0.11543333333333344
3 0.7788072916666666 0.7994777777777777 0.06903124999999997 0.12818888888888877
7 0.012953124999999944 0.6005222222222223 0.025901041666666676 0.05976666666666663
9 0.3349583333333333 0.23398888888888889 0.015671875000000075 0.032033333333333316
7 0.03173958333333336 0.6411444444444444 0.03964062500000007 0.05963333333333341
10 0.796875 0.2981777777777778 0.024796875000000065 0.04892222222222219
10 0.7652604166666667 0.25455555555555553 0.02635416666666662 0.06275555555555558
5 0.706296875 0.7104222222222222 0.023026041666666684 0.04846666666666655
5 0.490234375 0.47005555555555556 0.017302083333333346 0.039777777777777724
7 0.018088541666666676 0.5458333333333333 0.03617708333333335 0.05963333333333341
5 0.90228125 0.3932333333333334 0.01548958333333322 0.02672222222222217
7 0.045895833333333275 0.5734333333333334 0.04672395833333335 0.05963333333333341
5 0.8637708333333334 0.6182333333333333 0.013479166666666724 0.033155555555555466
5 0.8562031250000001 0.5973999999999999 0.01730208333333323 0.032644444444444566
5 0.7608645833333334 0.23358888888888887 0.011375000000000076 0.018588888888888908
7 0.06542708333333327 0.5171888888888889 0.03823958333333337 0.05517777777777774
3 0.17236458333333335 0.33385555555555557 0.04867708333333335 0.08665555555555557
3 0.7562239583333333 0.6635444444444445 0.02780208333333339 0.057844444444444386
5 0.8669427083333333 0.7005222222222223 0.015015624999999961 0.02371111111111102
5 0.7336406249999999 0.25129999999999997 0.011197916666666667 0.025133333333333337
0 0.008786458333333276 0.23398888888888889 0.016786458333333344 0.03328888888888887
3 0.7605000000000001 0.7651 0.030213541666666545 0.05119999999999992
10 0.7778333333333334 0.2490888888888889 0.016343750000000056 0.03903333333333333
5 0.4956041666666666 0.5182333333333333 0.007546875000000005 0.02483333333333336
5 0.8610833333333333 0.5156222222222222 0.005427083333333371 0.014277777777777802
3 0.20458854166666665 0.5205777777777778 0.03143229166666662 0.05527777777777778
3 0.16174479166666664 0.5394333333333333 0.03765104166666665 0.06166666666666667
3 0.22411979166666665 0.5687555555555556 0.03476041666666655 0.05452222222222215
3 0.216796875 0.6114555555555555 0.03338541666666662 0.05963333333333341