10 0.17480729166666667 0.4065111111111111 0.033083333333333326 0.05917777777777777
10 0.14831770833333333 0.37083333333333335 0.031140624999999995 0.05527777777777778
10 0.23278645833333333 0.3161444444444444 0.03155729166666668 0.056022222222222175
10 0.11358854166666667 0.375 0.02706770833333332 0.04638888888888889
10 0.1643072916666667 0.32187777777777776 0.028166666666666687 0.04772222222222227
10 0.18457291666666667 0.34244444444444444 0.032838541666666644 0.05129999999999996
9 0.6645520833333334 0.2078111111111111 0.016786458333333344 0.034177777777777765
9 0.6958020833333334 0.21484444444444445 0.018479166666666675 0.03792222222222222
9 0.6313489583333334 0.1974 0.016218749999999935 0.034177777777777765
9 0.7041041666666668 0.24232222222222222 0.019500000000000028 0.041277777777777754
9 0.6884791666666668 0.2664111111111111 0.019302083333333307 0.03971111111111109
9 0.62890625 0.22135555555555556 0.017578125 0.03721111111111112
9 0.638671875 0.2543 0.017989583333333316 0.03987777777777776
9 0.642578125 0.20377777777777778 0.016161458333333437 0.033922222222222256
5 0.4985364583333334 0.48490000000000005 0.014447916666666671 0.03623333333333335
3 0.2556145833333333 0.6343777777777778 0.05410937500000002 0.11543333333333344
3 0.22119270833333332 0.7994777777777777 0.06903124999999997 0.12818888888888877
7 0.9870468750000001 0.6005222222222223 0.025901041666666676 0.05976666666666663
9 0.6650416666666668 0.23398888888888889 0.015671875000000075 0.032033333333333316
7 0.9682604166666666 0.6411444444444444 0.03964062500000007 0.05963333333333341
10 0.203125 0.2981777777777778 0.024796875000000006 0.04892222222222219
10 0.23473958333333333 0.25455555555555553 0.02635416666666668 0.06275555555555555
5 0.293703125 0.7104222222222222 0.023026041666666684 0.04846666666666655
5 0.509765625 0.47005555555555556 0.017302083333333346 0.039777777777777724
7 0.9819114583333334 0.5458333333333333 0.03617708333333335 0.05963333333333335
5 0.09771875000000001 0.3932333333333334 0.015489583333333338 0.02672222222222217
7 0.9541041666666668 0.5734333333333334 0.04672395833333335 0.05963333333333335
5 0.13622916666666668 0.6182333333333333 0.013479166666666664 0.033155555555555466
5 0.143796875 0.5973999999999999 0.017302083333333346 0.032644444444444566
5 0.23913541666666666 0.23358888888888887 0.011375000000000017 0.018588888888888908
7 0.9345729166666668 0.5171888888888889 0.03823958333333337 0.05517777777777774
3 0.8276354166666666 0.33385555555555557 0.04867708333333335 0.08665555555555557
3 0.24377604166666667 0.6635444444444445 0.02780208333333333 0.057844444444444386
5 0.13305729166666666 0.7005222222222223 0.015015624999999993 0.02371111111111102
5 0.26635937500000006 0.25129999999999997 0.011197916666666696 0.025133333333333337
0 0.9912135416666668 0.23398888888888889 0.016786458333333344 0.03328888888888887
3 0.2395 0.7651 0.030213541666666663 0.05119999999999992
10 0.22216666666666668 0.2490888888888889 0.016343749999999997 0.03903333333333333
5 0.5043958333333334 0.5182333333333333 0.007546875000000005 0.02483333333333336
5 0.1389166666666667 0.5156222222222222 0.005427083333333312 0.014277777777777802
3 0.7954114583333334 0.5205777777777778 0.03143229166666662 0.05527777777777778
3 0.8382552083333333 0.5394333333333333 0.03765104166666665 0.06166666666666667
3 0.7758802083333334 0.5687555555555556 0.03476041666666655 0.054522222222222215
3 0.783203125 0.6114555555555555 0.03338541666666662 0.05963333333333341