5 0.5004895833333334 0.4828111111111111 0.014953125000000018 0.03315555555555559
2 0.267578125 0.2908888888888889 0.01658854166666662 0.02361111111111111
2 0.17980729166666667 0.2968777777777778 0.016526041666666675 0.02672222222222217
2 0.23156770833333334 0.32135555555555556 0.017776041666666666 0.026933333333333344
7 0.17760416666666667 0.97 0.058333333333333334 0.06
9 0.6235364583333334 0.45858888888888893 0.026458333333333427 0.05211111111111109
9 0.666015625 0.45494444444444443 0.026854166666666637 0.05391111111111109
9 0.7036145833333334 0.4960888888888889 0.030854166666666554 0.059955555555555595
2 0.250734375 0.2574222222222222 0.015192708333333312 0.043199999999999995
9 0.7094739583333334 0.4716111111111111 0.02635416666666662 0.04514444444444444
9 0.6704114583333334 0.6343777777777778 0.03390624999999995 0.07331111111111113
9 0.626953125 0.5080777777777777 0.028593750000000046 0.05853333333333328
3 0.3688958333333333 0.5718777777777778 0.034182291666666725 0.09570000000000012
9 0.7172864583333334 0.6328111111111111 0.03616145833333325 0.07083333333333333
9 0.6645520833333334 0.5286444444444444 0.029203125000000087 0.05963333333333329
9 0.6225572916666666 0.5640666666666667 0.029817708333333335 0.06337777777777774
3 0.3657239583333334 0.11204444444444445 0.028380208333333337 0.06771111111111111
9 0.7119166666666668 0.5531222222222222 0.03216666666666678 0.06347777777777777
3 0.2912604166666667 0.6156222222222222 0.04672395833333335 0.08255555555555551
2 0.19794791666666667 0.2753 0.016979166666666677 0.024399999999999977
1 0.325203125 0.07416666666666667 0.02770312500000003 0.02021111111111111
1 0.26345312499999995 0.08388888888888889 0.014296875000000023 0.023644444444444447
3 0.5681718750000001 0.8814777777777778 0.044130208333333344 0.11562222222222217
3 0.6034010416666666 0.9723999999999999 0.07535937500000003 0.05520000000000007
2 0.2946770833333333 0.06875555555555556 0.020921875000000038 0.024166666666666666
1 0.2932135416666667 0.05494444444444445 0.01953125 0.022033333333333332
2 0.2971197916666667 0.09232222222222222 0.024994791666666672 0.02942222222222221
1 0.4409166666666666 0.078 0.025911458333333335 0.0509111111111111
1 0.5791041666666668 0.9776 0.025328125000000055 0.04429999999999988
2 0.22722916666666665 0.23752222222222225 0.016885416666666646 0.025188888888888906
2 0.22238541666666667 0.2654888888888889 0.014520833333333332 0.02367777777777778
2 0.21335416666666665 0.28865555555555555 0.017239583333333346 0.023177777777777794
2 0.20839583333333334 0.3118333333333333 0.017947916666666685 0.02669999999999997
2 0.23649479166666668 0.29344444444444445 0.01818229166666665 0.02720000000000002