10 0.15136458333333327 0.7640666666666667 0.04168749999999998 0.07786666666666658
10 0.09423958333333336 0.7197888888888888 0.04663020833333344 0.08490000000000009
10 0.06494270833333336 0.6770888888888889 0.04977604166666675 0.0790333333333332
10 0.04736458333333336 0.8125 0.04193229166666678 0.07167777777777777
2 0.5444322916666666 0.16992222222222222 0.012380208333333325 0.02787777777777775
10 0.15625 0.5179666666666667 0.04247916666666664 0.06862222222222221
8 0.5935052083333333 0.014444444444444444 0.010489583333333267 0.02591111111111111
8 0.572265625 0.07571111111111112 0.013067708333333409 0.030244444444444442
2 0.51953125 0.16002222222222223 0.012671874999999963 0.027244444444444425
3 0.32421875 0.2684888888888889 0.04672395833333335 0.08066666666666669
8 0.5881354166666667 0.05527777777777778 0.010526041666666685 0.029766666666666657
8 0.5771458333333332 0.03277777777777778 0.012052083333333503 0.02954444444444445
10 0.10058333333333327 0.5838555555555556 0.033265624999999945 0.04937777777777784
2 0.49316145833333336 0.20273333333333335 0.012869791666666686 0.02766666666666664
8 0.6154791666666667 0.010599999999999998 0.010734375000000067 0.02118888888888889
3 0.806640625 0.3651 0.024703124999999916 0.04883333333333338
1 0.2534166666666666 0.15077777777777776 0.025953124999999962 0.04232222222222226
3 0.748046875 0.3731777777777778 0.026609375000000077 0.041988888888888846
3 0.7645260416666666 0.4229222222222222 0.02747916666666678 0.04883333333333338
5 0.12011458333333327 0.6281222222222221 0.008515624999999952 0.020311111111111082
1 0.2524427083333334 0.08861111111111111 0.03628645833333337 0.0391888888888889
3 0.7956562500000001 0.42552222222222225 0.029203125000000087 0.05465555555555562
1 0.3032239583333334 0.12174444444444443 0.03259374999999996 0.037077777777777786
5 0.11963020833333336 0.5994777777777778 0.011244791666666743 0.01807777777777776
7 0.9609375 0.33463333333333334 0.031083333333333248 0.04863333333333331
7 0.84509375 0.31354444444444446 0.02752604166666662 0.0467444444444445
7 0.89984375 0.40807777777777776 0.032041666666666656 0.050711111111111096
1 0.294921875 0.05517777777777778 0.026854166666666637 0.04827777777777777
5 0.13330208333333335 0.5927111111111112 0.007546874999999886 0.015377777777777686
7 0.9286510416666667 0.28802222222222224 0.02848958333333324 0.04603333333333328
7 0.917296875 0.37577777777777777 0.030562499999999916 0.0474555555555556
5 0.3662083333333333 0.2643222222222222 0.011781249999999943 0.03227777777777779
1 0.21435416666666665 0.15637777777777778 0.025619791666666693 0.04593333333333337
7 0.9314583333333334 0.3377555555555556 0.03265624999999991 0.044566666666666685
5 0.50659375 0.47031111111111107 0.009744791666666686 0.024088888888888833
7 0.8753645833333333 0.3591111111111111 0.03378125000000007 0.05475555555555552
10 0.0546875 0.8932333333333333 0.04443229166666664 0.09895555555555549
5 0.11963020833333336 0.6510444444444445 0.025328125000000055 0.03623333333333322
7 0.88934375 0.33697777777777776 0.029416666666666678 0.04937777777777784
5 0.19580208333333335 0.5541666666666667 0.008187499999999896 0.01873333333333335
5 0.11034895833333327 0.9447888888888888 0.029375000000000047 0.04429999999999988
5 0.08544791666666664 0.6859333333333334 0.027588541666666563 0.02987777777777789
7 0.9019166666666667 0.29244444444444445 0.02947916666666662 0.04603333333333328
1 0.2529270833333333 0.04664444444444444 0.027328124999999894 0.03447777777777778
7 0.903625 0.2516888888888889 0.028703125000000065 0.04355555555555554
3 0.9765625 0.6894444444444444 0.046875 0.09
5 0.134765625 0.8708333333333333 0.010244791666666704 0.015677777777777666
10 0.15234375 0.8781222222222221 0.029541666666666563 0.05742222222222229
1 0.20800520833333327 0.11165555555555555 0.03753645833333342 0.03434444444444444
9 0.8678385416666666 0.8972222222222223 0.048177083333333336 0.07222222222222222
9 0.8359375 0.9401 0.04263541666666673 0.07845555555555545
9 0.7972395833333333 0.9630222222222222 0.04037499999999999 0.07369999999999992
9 0.9312135416666667 0.9703111111111111 0.05117708333333321 0.058855555555555585
2 0.4628385416666667 0.11622222222222221 0.013385416666666572 0.028055555555555556
2 0.5170833333333333 0.09367777777777778 0.011973958333333338 0.028055555555555556
2 0.5004114583333333 0.10569999999999999 0.012916666666666642 0.027055555555555548
2 0.4952447916666667 0.16632222222222223 0.014322916666666666 0.026044444444444443
2 0.4741145833333333 0.1527888888888889 0.01573437500000002 0.02905555555555553
2 0.49125520833333336 0.12624444444444444 0.011036458333333362 0.027055555555555548
2 0.5135625 0.13 0.012447916666666715 0.028555555555555542
2 0.5318802083333334 0.13625555555555555 0.013854166666666619 0.026044444444444443
2 0.477984375 0.18134444444444445 0.012208333333333361 0.02404444444444443
8 0.5595 0.05143333333333333 0.009645833333333324 0.02365555555555556
8 0.5923541666666667 0.08474444444444444 0.01844270833333326 0.04088888888888887
8 0.6113385416666667 0.050666666666666665 0.009885416666666676 0.021599999999999998
8 0.6318958333333333 0.03973333333333333 0.012901041666666658 0.026999999999999996
8 0.6311718749999999 0.06532222222222223 0.015791666666666516 0.03497777777777778
8 0.6115833333333334 0.07457777777777778 0.017598958333333314 0.03652222222222223