1 0.732421875 0.5718777777777778 0.04272395833333344 0.09531111111111108
7 0.3041979166666666 0.16627777777777777 0.016098958333333375 0.03227777777777779
1 0.7646510416666668 0.5786444444444444 0.03747395833333324 0.07343333333333324
1 0.8486354166666668 0.6588555555555556 0.05834895833333344 0.11308888888888886
7 0.3247083333333334 0.1630222222222222 0.015541666666666624 0.0317888888888889
7 0.309328125 0.1444 0.015604166666666686 0.035811111111111134
1 0.7846666666666666 0.6947888888888888 0.03775000000000001 0.11204444444444435
7 0.3461927083333334 0.16002222222222223 0.013328124999999958 0.03154444444444443
7 0.3200677083333333 0.13007777777777776 0.015718750000000035 0.03343333333333331
2 0.5131822916666666 0.29505555555555557 0.012010416666666638 0.02632222222222228
0 0.19250520833333334 0.09512222222222222 0.01150520833333335 0.024088888888888896
9 0.10394270833333333 0.3388 0.026609375000000015 0.0400444444444444
3 0.365234375 0.19804444444444447 0.015541666666666624 0.02954444444444442
9 0.13574479166666667 0.3221333333333333 0.024703124999999975 0.04095555555555557
1 0.8125 0.5385444444444445 0.0678124999999999 0.06347777777777777
9 0.08569270833333334 0.38307777777777774 0.027328124999999984 0.040888888888888836
9 0.15979166666666667 0.33490000000000003 0.024656250000000015 0.0399444444444445
0 0.17028645833333333 0.09283333333333332 0.01455729166666669 0.023711111111111113
3 0.31543229166666664 0.22017777777777778 0.017515625000000055 0.029311111111111107
9 0.1196875 0.3737 0.026307291666666663 0.04404444444444443
0 0.20153645833333333 0.07454444444444445 0.012479166666666685 0.02808888888888889
3 0.4936510416666666 0.5536444444444444 0.04025520833333331 0.09335555555555554
9 0.14794791666666668 0.36796666666666666 0.025041666666666688 0.041666666666666664
0 0.22119270833333332 0.07383333333333333 0.018098958333333335 0.03190000000000001
3 0.5747083333333334 0.5375 0.0546875 0.08053333333333336
1 0.9516614583333334 0.7338555555555556 0.09185937499999994 0.09837777777777773
3 0.3513177083333333 0.2205777777777778 0.015489583333333338 0.03315555555555553
7 0.3395989583333333 0.1291 0.0136354166666667 0.030699999999999995
7 0.33203125 0.11607777777777778 0.014838541666666672 0.029877777777777764
5 0.6455104166666668 0.13645555555555555 0.007843749999999972 0.026222222222222247
0 0.18981770833333333 0.07727777777777778 0.012380208333333325 0.022199999999999987
2 0.52734375 0.36093333333333333 0.011505208333333291 0.026222222222222247
8 0.5595729166666668 0.1660111111111111 0.008614583333333314 0.018233333333333362
3 0.21228125 0.21862222222222222 0.016526041666666675 0.04134444444444442
7 0.35058854166666664 0.13815555555555556 0.014734374999999982 0.03165555555555557
5 0.499265625 0.47292222222222224 0.018692708333333384 0.049022222222222224
1 0.927734375 0.7083333333333334 0.04385416666666657 0.04446666666666665
1 0.8930677083333334 0.6239555555555555 0.05813541666666661 0.10735555555555544
8 0.544921875 0.22643333333333332 0.009088541666666571 0.020477777777777786
9 0.06915104166666668 0.4158888888888889 0.031203125000000012 0.034177777777777765
8 0.5278333333333334 0.1641888888888889 0.010093750000000058 0.02353333333333334
9 0.07684375 0.40521111111111113 0.021088541666666672 0.021455555555555495
8 0.560546875 0.18346666666666667 0.008348958333333437 0.020555555555555556
8 0.5263697916666666 0.19596666666666668 0.009484375000000019 0.020722222222222197
1 0.908203125 0.7953111111111111 0.07989583333333337 0.10384444444444449
5 0.5356458333333334 0.5255222222222222 0.013223958333333266 0.04736666666666666
7 0.21338020833333332 0.09928888888888888 0.009895833333333333 0.021111111111111112
1 0.8442395833333334 0.8177111111111112 0.04958854166666669 0.13078888888888893
3 0.5234375 0.5117222222222222 0.017442708333333338 0.04638888888888889
3 0.6298854166666668 0.625 0.017578125 0.04271111111111117
7 0.3515625 0.11308888888888889 0.011031250000000032 0.02853333333333334
1 0.8032239583333334 0.5216111111111111 0.03500520833333335 0.035677777777777794
3 0.202390625 0.2268222222222222 0.010614583333333332 0.027777777777777776
5 0.7959010416666668 0.32083333333333336 0.009270833333333428 0.023811111111111057
5 0.7578125 0.4429666666666667 0.012921874999999972 0.035122222222222235
5 0.7758802083333334 0.38724444444444445 0.014953125000000018 0.03404444444444443
5 0.671875 0.5953111111111111 0.010328124999999962 0.029422222222222242
5 0.7075208333333334 0.16184444444444443 0.010010416666666562 0.020166666666666642
2 0.5386145833333333 0.2888777777777778 0.01261458333333323 0.02838888888888884
2 0.5710156249999999 0.28002222222222223 0.012098958333333344 0.0283888888888889
2 0.5549427083333334 0.30343333333333333 0.01417187500000002 0.024333333333333308
2 0.5769791666666666 0.3027 0.0129635416666666 0.025066666666666605
2 0.5991041666666667 0.3484222222222222 0.014000000000000058 0.02875555555555555
2 0.5717083333333334 0.32574444444444445 0.012442708333333267 0.0224888888888889
2 0.5678177083333333 0.35707777777777777 0.014000000000000058 0.02544444444444442
2 0.5465625000000001 0.3423333333333334 0.014692708333333353 0.026911111111111143
2 0.5331666666666666 0.3126555555555555 0.012098958333333344 0.025811111111111132
2 0.54621875 0.36593333333333333 0.007776041666666581 0.0224888888888889
8 0.5450052083333333 0.18637777777777778 0.01261458333333323 0.02765555555555554
8 0.5271197916666667 0.21476666666666666 0.012098958333333344 0.018800000000000018
8 0.56090625 0.2164222222222222 0.013651041666666686 0.025811111111111132
8 0.5673020833333333 0.20223333333333332 0.013651041666666686 0.0224888888888889