1 0.267578125 0.5718777777777778 0.04272395833333344 0.09531111111111108
7 0.6958020833333334 0.16627777777777777 0.016098958333333257 0.03227777777777779
1 0.23534895833333327 0.5786444444444444 0.03747395833333324 0.07343333333333324
1 0.15136458333333327 0.6588555555555556 0.05834895833333344 0.11308888888888886
7 0.6752916666666666 0.1630222222222222 0.015541666666666742 0.0317888888888889
7 0.690671875 0.1444 0.015604166666666686 0.035811111111111134
1 0.21533333333333335 0.6947888888888888 0.03775000000000001 0.11204444444444435
7 0.6538072916666666 0.16002222222222223 0.013328125000000076 0.03154444444444443
7 0.6799322916666667 0.13007777777777776 0.015718749999999913 0.03343333333333331
2 0.4868177083333334 0.29505555555555557 0.012010416666666638 0.02632222222222228
0 0.8074947916666666 0.09512222222222222 0.011505208333333409 0.024088888888888896
9 0.8960572916666667 0.3388 0.026609375000000077 0.0400444444444444
3 0.634765625 0.19804444444444447 0.015541666666666742 0.02954444444444442
9 0.8642552083333332 0.3221333333333333 0.024703124999999916 0.04095555555555557
1 0.1875 0.5385444444444445 0.0678124999999999 0.06347777777777777
9 0.9143072916666667 0.38307777777777774 0.027328124999999894 0.040888888888888836
9 0.8402083333333333 0.33490000000000003 0.024656250000000077 0.0399444444444445
0 0.8297135416666667 0.09283333333333332 0.014557291666666809 0.023711111111111113
3 0.6845677083333332 0.22017777777777778 0.017515625000000055 0.029311111111111107
9 0.8803125 0.3737 0.026307291666666545 0.04404444444444443
0 0.7984635416666667 0.07454444444444445 0.012479166666666685 0.02808888888888889
3 0.5063489583333334 0.5536444444444444 0.04025520833333331 0.09335555555555554
9 0.8520520833333334 0.36796666666666666 0.02504166666666663 0.041666666666666664
0 0.7788072916666666 0.07383333333333333 0.018098958333333335 0.03190000000000001
3 0.4252916666666666 0.5375 0.0546875 0.08053333333333336
1 0.04833854166666664 0.7338555555555556 0.09185937499999994 0.09837777777777773
3 0.6486822916666667 0.2205777777777778 0.015489583333333456 0.03315555555555553
7 0.6604010416666667 0.1291 0.013635416666666582 0.030699999999999995
7 0.66796875 0.11607777777777778 0.014838541666666554 0.029877777777777764
5 0.3544895833333333 0.13645555555555555 0.007843749999999972 0.026222222222222247
0 0.8101822916666667 0.07727777777777778 0.012380208333333325 0.022199999999999987
2 0.47265625 0.36093333333333333 0.011505208333333291 0.026222222222222247
8 0.4404270833333333 0.1660111111111111 0.008614583333333314 0.018233333333333362
3 0.78771875 0.21862222222222222 0.016526041666666675 0.04134444444444442
7 0.6494114583333332 0.13815555555555556 0.014734374999999982 0.03165555555555557
5 0.500734375 0.47292222222222224 0.018692708333333384 0.049022222222222224
1 0.072265625 0.7083333333333334 0.04385416666666657 0.04446666666666665
1 0.10693229166666664 0.6239555555555555 0.05813541666666661 0.10735555555555544
8 0.455078125 0.22643333333333332 0.009088541666666571 0.020477777777777786
9 0.9308489583333334 0.4158888888888889 0.031203124999999925 0.034177777777777765
8 0.4721666666666666 0.1641888888888889 0.010093750000000058 0.02353333333333334
9 0.92315625 0.40521111111111113 0.021088541666666554 0.021455555555555495
8 0.439453125 0.18346666666666667 0.008348958333333437 0.020555555555555556
8 0.47363020833333336 0.19596666666666668 0.009484375000000019 0.020722222222222197
1 0.091796875 0.7953111111111111 0.07989583333333337 0.10384444444444449
5 0.4643541666666666 0.5255222222222222 0.013223958333333266 0.04736666666666666
7 0.7866197916666666 0.09928888888888888 0.009895833333333333 0.021111111111111112
1 0.15576041666666665 0.8177111111111112 0.04958854166666669 0.13078888888888893
3 0.4765625 0.5117222222222222 0.017442708333333338 0.04638888888888889
3 0.3701145833333333 0.625 0.017578125 0.04271111111111117
7 0.6484375 0.11308888888888889 0.011031250000000152 0.02853333333333334
1 0.19677604166666665 0.5216111111111111 0.03500520833333335 0.035677777777777794
3 0.7976093750000001 0.2268222222222222 0.01061458333333339 0.027777777777777776
5 0.20409895833333327 0.32083333333333336 0.009270833333333428 0.023811111111111057
5 0.2421875 0.4429666666666667 0.012921874999999972 0.035122222222222235
5 0.22411979166666665 0.38724444444444445 0.014953125000000018 0.03404444444444443
5 0.328125 0.5953111111111111 0.010328124999999962 0.029422222222222242
5 0.2924791666666666 0.16184444444444443 0.010010416666666562 0.020166666666666642
2 0.4613854166666666 0.2888777777777778 0.01261458333333323 0.02838888888888884
2 0.42898437500000003 0.28002222222222223 0.012098958333333344 0.0283888888888889
2 0.4450572916666667 0.30343333333333333 0.01417187500000002 0.024333333333333308
2 0.42302083333333335 0.3027 0.0129635416666666 0.025066666666666605
2 0.40089583333333334 0.3484222222222222 0.014000000000000058 0.02875555555555555
2 0.4282916666666666 0.32574444444444445 0.012442708333333267 0.0224888888888889
2 0.43218229166666666 0.35707777777777777 0.014000000000000058 0.02544444444444442
2 0.45343749999999994 0.3423333333333334 0.014692708333333353 0.026911111111111143
2 0.46683333333333343 0.3126555555555555 0.012098958333333344 0.025811111111111132
2 0.45378124999999997 0.36593333333333333 0.007776041666666581 0.0224888888888889
8 0.4549947916666666 0.18637777777777778 0.01261458333333323 0.02765555555555554
8 0.47288020833333333 0.21476666666666666 0.012098958333333344 0.018800000000000018
8 0.43909374999999995 0.2164222222222222 0.013651041666666686 0.025811111111111132
8 0.4326979166666666 0.20223333333333332 0.013651041666666686 0.0224888888888889