2 0.470703125 0.34218888888888893 0.01353645833333322 0.028211111111111097
1 0.7602552083333334 0.4362 0.05233854166666655 0.05664444444444446
2 0.5009739583333334 0.3466111111111111 0.014953125000000018 0.030699999999999995
1 0.7926041666666667 0.4739555555555556 0.02964583333333337 0.0892555555555556
2 0.4331041666666666 0.3645888888888889 0.015250000000000104 0.030822222222222233
2 0.4599583333333333 0.38724444444444445 0.01583854166666659 0.033788888888888854
1 0.8708489583333333 0.5406222222222222 0.060427083333333326 0.07258888888888894
2 0.4350572916666666 0.41718888888888894 0.016218749999999935 0.03434444444444441
1 0.8219010416666667 0.4156222222222222 0.03500520833333335 0.07695555555555554
2 0.4384739583333333 0.4945333333333333 0.018020833333333285 0.03763333333333334
2 0.4672864583333334 0.4864555555555556 0.017380208333333275 0.035933333333333366
5 0.50121875 0.4763 0.015718750000000035 0.034477777777777746
2 0.5153802083333333 0.38176666666666664 0.014177083333333347 0.030111111111111137
2 0.5244114583333334 0.48827777777777776 0.018156249999999947 0.036911111111111145
8 0.3427708333333333 0.4640666666666667 0.02017187500000001 0.043555555555555604
2 0.4575208333333334 0.43463333333333337 0.016343750000000056 0.034599999999999985
2 0.4868177083333334 0.4531222222222222 0.015015624999999961 0.0317888888888889
2 0.515625 0.4190111111111111 0.01616145833333332 0.033533333333333276
2 0.49120833333333336 0.3937555555555555 0.015901041666666654 0.03315555555555559
10 0.7609843749999999 0.055888888888888884 0.05429166666666679 0.10676666666666668
8 0.291015625 0.4830777777777778 0.01785416666666677 0.03844444444444447
8 0.33984375 0.5546888888888889 0.01730208333333323 0.03460000000000011
8 0.224609375 0.5236999999999999 0.024229166666666656 0.04664444444444447
1 0.8109114583333333 0.5609333333333333 0.04751562500000001 0.042477777777777795
5 0.7163072916666666 0.4737 0.014671875000000037 0.04095555555555557
3 0.3051770833333334 0.02591111111111111 0.023557291666666678 0.03277777777777778
1 0.8718281250000001 0.42942222222222226 0.03869791666666676 0.08633333333333339
1 0.9633802083333334 0.6234333333333334 0.07305729166666666 0.11308888888888886
7 0.19189583333333335 0.12044444444444445 0.02116145833333339 0.020477777777777786
7 0.248046875 0.111 0.020020833333333363 0.04566666666666666
8 0.22411979166666665 0.6369777777777778 0.022677083333333313 0.041666666666666664
3 0.661375 0.24309999999999998 0.036010416666666836 0.07343333333333331
7 0.17138541666666665 0.11712222222222222 0.020369791666666734 0.024088888888888896
5 0.7009270833333333 0.34009999999999996 0.011598958333333324 0.02562222222222216
1 0.8280052083333334 0.6099 0.07934375000000007 0.13619999999999993
1 0.9234635416666667 0.5135444444444445 0.06744270833333346 0.06771111111111104
8 0.3971354166666667 0.012777777777777779 0.016145833333333335 0.025555555555555557
8 0.4150364583333333 0.011811111111111113 0.015015624999999961 0.023622222222222225
8 0.4345677083333333 0.012344444444444444 0.010697916666666647 0.02468888888888889
8 0.003916666666666657 0.04345555555555555 0.007833333333333314 0.03792222222222222
5 0.6987291666666666 0.8786444444444445 0.02161979166666678 0.04986666666666679
3 0.3198229166666666 0.1270222222222222 0.019057291666666743 0.03057777777777776
5 0.6396458333333332 0.2078111111111111 0.012968750000000048 0.03343333333333331
8 0.3095677083333333 0.5963555555555556 0.02447395833333322 0.05168888888888887
5 0.708984375 0.26184444444444444 0.009895833333333333 0.03118888888888888
8 0.013880208333333382 0.08977777777777778 0.027755208333333316 0.03837777777777777
3 0.3422864583333334 0.14205555555555555 0.010947916666666658 0.03404444444444443
3 0.3012708333333334 0.11627777777777779 0.019380208333333353 0.02942222222222221