2 0.7578125 0.4710888888888889 0.019791666666666666 0.03291111111111111
2 0.69921875 0.4981777777777778 0.016401041666666553 0.030244444444444473
2 0.7248541666666667 0.4914111111111111 0.018614583333333455 0.033922222222222194
2 0.6989739583333333 0.5849 0.018583333333333247 0.034477777777777746
2 0.6848125 0.5260444444444444 0.019197916666666495 0.034599999999999985
2 0.7236302083333332 0.5328111111111111 0.01971354166666662 0.035677777777777794
2 0.7629374999999999 0.5302111111111111 0.018828125000000046 0.03129999999999995
2 0.8225104166666667 0.5984333333333334 0.023421874999999894 0.039322222222222335
2 0.7468281250000001 0.6557333333333333 0.023770833333333265 0.04111111111111111
2 0.79553125 0.5531222222222222 0.022203125000000056 0.035933333333333366
2 0.7810052083333333 0.629688888888889 0.023604166666666752 0.040955555555555447
2 0.7419427083333333 0.5901000000000001 0.022322916666666734 0.03778888888888888
2 0.77478125 0.5802111111111111 0.02194270833333339 0.036911111111111145
8 0.914125 0.7942666666666667 0.02865624999999999 0.048377777777777735
8 0.9750052083333334 0.9468777777777778 0.007755208333333267 0.0139999999999999
5 0.5002447916666667 0.4828111111111111 0.015718750000000035 0.036911111111111145
5 0.5693333333333332 0.2833333333333333 0.030562500000000152 0.06158888888888883
5 0.4619114583333333 0.6630222222222223 0.008447916666666562 0.02361111111111111
3 0.59253125 0.25716666666666665 0.03384375000000001 0.05442222222222224
8 0.9324322916666666 0.8578111111111111 0.010854166666666743 0.015677777777777666
8 0.9790781249999999 0.9432333333333333 0.011114583333333409 0.012666666666666767
8 0.9436666666666667 0.9317666666666667 0.007093749999999943 0.01291111111111099
5 0.5783697916666667 0.3138 0.011291666666666582 0.02853333333333328
1 0.67578125 0.21666666666666667 0.029588541666666638 0.025322222222222246
8 0.9967760416666667 0.8213555555555556 0.006291666666666629 0.0439444444444444
5 0.3515625 0.8890666666666667 0.012010416666666638 0.02672222222222217
8 0.9281614583333333 0.879688888888889 0.044187500000000074 0.07096666666666654
1 0.6772447916666666 0.1862 0.024703125000000152 0.031300000000000015
8 0.9582239583333333 0.9468777777777778 0.007874999999999943 0.012855555555555485
8 0.9649375 0.9484333333333334 0.007963541666666648 0.014055555555555656