2 0.2421875 0.4710888888888889 0.019791666666666666 0.03291111111111111
2 0.30078125 0.4981777777777778 0.01640104166666667 0.030244444444444473
2 0.2751458333333333 0.4914111111111111 0.018614583333333337 0.033922222222222194
2 0.3010260416666667 0.5849 0.018583333333333365 0.034477777777777746
2 0.3151875 0.5260444444444444 0.019197916666666613 0.034599999999999985
2 0.27636979166666664 0.5328111111111111 0.01971354166666665 0.035677777777777794
2 0.2370625 0.5302111111111111 0.018828124999999987 0.03129999999999995
2 0.1774895833333333 0.5984333333333334 0.023421875000000016 0.039322222222222335
2 0.253171875 0.6557333333333333 0.023770833333333328 0.04111111111111111
2 0.20446875 0.5531222222222222 0.022203124999999997 0.035933333333333366
2 0.2189947916666667 0.629688888888889 0.023604166666666693 0.040955555555555447
2 0.2580572916666667 0.5901000000000001 0.022322916666666644 0.03778888888888888
2 0.22521875 0.5802111111111111 0.02194270833333333 0.036911111111111145
8 0.08587499999999999 0.7942666666666667 0.02865624999999999 0.048377777777777735
8 0.02499479166666667 0.9468777777777778 0.007755208333333334 0.0139999999999999
5 0.4997552083333333 0.4828111111111111 0.015718750000000035 0.036911111111111145
5 0.43066666666666664 0.2833333333333333 0.030562500000000034 0.06158888888888887
5 0.5380885416666668 0.6630222222222223 0.008447916666666562 0.02361111111111111
3 0.40746875 0.25716666666666665 0.03384375000000001 0.05442222222222224
8 0.06756770833333332 0.8578111111111111 0.010854166666666661 0.015677777777777666
8 0.020921875 0.9432333333333333 0.011114583333333336 0.012666666666666767
8 0.05633333333333333 0.9317666666666667 0.007093750000000002 0.01291111111111099
5 0.4216302083333333 0.3138 0.0112916666666667 0.02853333333333328
1 0.32421875 0.21666666666666667 0.029588541666666638 0.025322222222222246
8 0.0032239583333333335 0.8213555555555556 0.006291666666666667 0.0439444444444444
5 0.6484375 0.8890666666666667 0.012010416666666638 0.02672222222222217
8 0.07183854166666667 0.879688888888889 0.04418750000000001 0.07096666666666654
1 0.3227552083333334 0.1862 0.024703125000000034 0.031300000000000015
8 0.041776041666666666 0.9468777777777778 0.007875000000000002 0.012855555555555485
8 0.035062499999999996 0.9484333333333334 0.007963541666666662 0.014055555555555656