10 0.43261979166666664 0.4652777777777778 0.047526041666666664 0.08888888888888889
3 0.6796875 0.7965333333333333 0.109375 0.1986111111111111
5 0.8297552083333334 0.9298666666666666 0.068359375 0.10694444444444444
5 0.4274114583333333 0.2368111111111111 0.018880208333333332 0.059722222222222225
9 0.8951822916666666 0.19166666666666668 0.026041666666666668 0.05
9 0.8569322916666666 0.19257777777777776 0.024093750000000115 0.04117777777777778
10 0.3754895833333334 0.43046666666666666 0.031984375000000044 0.06914444444444447
9 0.8745104166666666 0.21288888888888888 0.023999999999999962 0.04281111111111115
10 0.3208020833333334 0.4322888888888889 0.02975520833333339 0.06604444444444438
10 0.3715833333333334 0.35494444444444445 0.036562500000000026 0.06481111111111115
9 0.8857447916666668 0.23736666666666667 0.024656250000000077 0.04593333333333337
9 0.9169947916666668 0.23450000000000001 0.032229166666666725 0.06494444444444443
10 0.4145520833333334 0.3221333333333333 0.03216666666666666 0.06373333333333335
9 0.861328125 0.24023333333333335 0.023770833333333265 0.0416
5 0.4995104166666666 0.4867222222222222 0.027114583333333307 0.051788888888888905
10 0.413328125 0.26901111111111115 0.01998958333333339 0.042544444444444406
9 0.8432604166666666 0.1858111111111111 0.007234374999999934 0.01597777777777777
10 0.4283854166666667 0.38333333333333336 0.033854166666666664 0.06388888888888888
10 0.4469427083333333 0.2382 0.017578125 0.04027777777777778
10 0.3922552083333333 0.29236666666666666 0.021484375 0.04583333333333333
10 0.4635416666666667 0.3368111111111111 0.029947916666666668 0.07083333333333333
10 0.4762395833333333 0.2882 0.029296875 0.05416666666666667