8 0.2993177083333334 0.28046666666666664 0.011552083333333367 0.023155555555555526
8 0.284421875 0.2731777777777778 0.010984374999999958 0.023433333333333337
8 0.2526875 0.3026 0.013536458333333338 0.026822222222222206
3 0.5102552083333334 0.5252555555555556 0.04611458333333331 0.09817777777777772
8 0.31371875 0.3268222222222222 0.011374999999999958 0.023988888888888924
8 0.2751458333333333 0.3268222222222222 0.013276041666666672 0.026933333333333344
2 0.3334947916666666 0.4085888888888889 0.015671874999999957 0.026111111111111113
2 0.362546875 0.3958333333333333 0.014281250000000039 0.027033333333333378
2 0.4079583333333333 0.4091111111111111 0.012671874999999963 0.02483333333333336
8 0.2543958333333333 0.32630000000000003 0.015901041666666654 0.029422222222222242
8 0.3159166666666666 0.2875 0.0093385416666667 0.022544444444444436
10 0.7690416666666666 0.7166666666666667 0.04153645833333333 0.06145555555555549
2 0.3591302083333333 0.4362 0.013687499999999986 0.029422222222222242
3 0.544921875 0.4393222222222222 0.04052604166666664 0.06458888888888889
10 0.83984375 0.8614555555555555 0.05154166666666669 0.07903333333333346
10 0.9072291666666668 0.7838555555555556 0.04830729166666667 0.06978888888888883
10 0.9326197916666668 0.9314777777777778 0.11199999999999997 0.13704444444444436
10 0.8510729166666666 0.7812555555555556 0.04553125000000004 0.07948888888888885
10 0.7944322916666666 0.9447888888888888 0.04400520833333322 0.10676666666666658
5 0.341796875 0.18125555555555556 0.007932291666666676 0.02853333333333334
2 0.4138177083333333 0.38125555555555557 0.013687499999999986 0.036788888888888906
5 0.5131822916666666 0.46509999999999996 0.011067708333333334 0.03623333333333335
10 0.880859375 0.9812555555555555 0.04281770833333335 0.036355555555555585
5 0.49902604166666664 0.4828111111111111 0.015078125000000024 0.035544444444444455
3 0.043609375 0.629688888888889 0.04296875 0.05517777777777787
5 0.4973125 0.557288888888889 0.009817708333333286 0.021533333333333328
8 0.288328125 0.3380222222222223 0.012625000000000004 0.02954444444444448
8 0.321046875 0.29713333333333336 0.017776041666666725 0.04215555555555552
8 0.28515625 0.29765555555555556 0.014901041666666615 0.03264444444444444
10 0.822265625 0.8666666666666667 0.020020833333333363 0.060777777777777826
5 0.5209947916666666 0.4661444444444444 0.011734374999999986 0.02954444444444448
3 0.029947916666666668 0.7368111111111111 0.049479166666666664 0.08472222222222223
4 0.04895833333333333 0.19731111111111113 0.04016666666666667 0.03520000000000001
4 0.08575520833333333 0.18688888888888888 0.03560416666666667 0.02825555555555556
4 0.056015625 0.25195555555555554 0.049499999999999995 0.045388888888888916
4 0.092921875 0.22301111111111113 0.041249999999999995 0.03844444444444447
1 0.5878177083333332 0.32236666666666663 0.037557291666666735 0.042611111111111134
1 0.5915104166666667 0.2704888888888889 0.0314791666666667 0.037977777777777756
1 0.6350416666666666 0.29086666666666666 0.0390781250000001 0.036122222222222215
1 0.667171875 0.2700222222222222 0.033000000000000064 0.037977777777777784
1 0.6352552083333334 0.3413555555555556 0.03864583333333324 0.050022222222222204