10 0.7325833333333333 0.48367777777777776 0.022390624999999886 0.04731111111111116
1 0.18310416666666665 0.6927111111111112 0.044921875 0.10364444444444441
10 0.6284166666666666 0.6911444444444445 0.0314947916666668 0.060777777777777826
2 0.2734375 0.3260444444444444 0.013374999999999915 0.025233333333333375
2 0.20361458333333335 0.3710888888888889 0.016161458333333437 0.027144444444444388
2 0.244140625 0.34478888888888887 0.013791666666666676 0.025422222222222218
2 0.2900364583333333 0.3468777777777778 0.013791666666666676 0.025133333333333337
2 0.26171875 0.35286666666666666 0.014505208333333287 0.025033333333333303
2 0.23339583333333327 0.3671888888888889 0.013791666666666676 0.025033333333333303
2 0.20703125 0.39036666666666664 0.016281250000000115 0.02832222222222223
1 0.06103645833333336 0.9333333333333333 0.058901041666666744 0.12864444444444442
2 0.2602552083333334 0.38203333333333334 0.015078124999999906 0.027033333333333378
1 0.14794791666666665 0.7552111111111112 0.0496822916666666 0.051111111111111114
2 0.2900364583333333 0.3731777777777778 0.012624999999999886 0.02388888888888889
7 0.376953125 0.12891111111111112 0.014229166666666753 0.031055555555555545
2 0.22509895833333335 0.39608888888888893 0.015718749999999913 0.02766666666666664
7 0.3618177083333334 0.13736666666666666 0.013588541666666742 0.028877777777777787
2 0.205078125 0.44062222222222225 0.01730208333333323 0.029877777777777764
2 0.24511458333333327 0.4119777777777777 0.015958333333333265 0.027777777777777776
1 0.20019270833333327 0.8234333333333334 0.056640625 0.07142222222222219
7 0.3920885416666666 0.12331111111111112 0.013427083333333438 0.027144444444444454
1 0.032223958333333275 0.8447888888888888 0.06256249999999994 0.14335555555555554
7 0.3686510416666666 0.10325555555555556 0.012968750000000048 0.029655555555555553
7 0.380859375 0.11347777777777777 0.012192708333333257 0.0292
5 0.5 0.475 0.017104166666666625 0.059955555555555595
5 0.3623020833333333 0.4216111111111111 0.015541666666666742 0.04856666666666671
3 0.4057604166666666 0.17148888888888889 0.012052083333333267 0.025711111111111094
7 0.35546875 0.1084 0.016281250000000115 0.03353333333333334
1 0.06005729166666664 0.8135444444444445 0.06021354166666673 0.1249333333333334
8 0.15771354166666665 0.27395555555555556 0.013687500000000104 0.022544444444444405
3 0.3950208333333334 0.1841111111111111 0.0125729166666666 0.02398888888888886
8 0.15478645833333335 0.2942666666666666 0.015364583333333333 0.024744444444444423
5 0.4819322916666666 0.4963555555555556 0.01065104166666669 0.02161111111111116
10 0.692625 0.5101555555555556 0.02504166666666663 0.03873333333333335
3 0.3837864583333333 0.16327777777777777 0.020765624999999944 0.02523333333333331
2 0.2665989583333333 0.3947888888888889 0.02194270833333339 0.035544444444444455
3 0.4350572916666666 0.11516666666666667 0.010526041666666685 0.02072222222222223
8 0.19189583333333335 0.2942666666666666 0.014953125000000018 0.026511111111111128
5 0.632078125 0.5812555555555555 0.020369791666666495 0.039255555555555474
8 0.21630729166666665 0.26901111111111115 0.014734374999999982 0.026222222222222247
8 0.205078125 0.3080777777777778 0.015130208333333428 0.028644444444444413
7 0.3525364583333333 0.12611111111111112 0.012010416666666638 0.0292
8 0.15966666666666665 0.3171888888888889 0.013276041666666552 0.023077777777777756
5 0.6997083333333334 0.46926666666666667 0.012145833333333182 0.018655555555555516
8 0.22948958333333327 0.08645555555555556 0.018796875000000077 0.027877777777777783
3 0.4711927083333334 0.10364444444444444 0.010567708333333314 0.022900000000000014
3 0.458984375 0.11562222222222222 0.008255208333333286 0.02
3 0.3286145833333334 0.4533888888888889 0.042234375000000074 0.06432222222222221
5 0.3935520833333333 0.6463555555555556 0.015250000000000104 0.02832222222222223
8 0.17919791666666665 0.0901 0.01785416666666677 0.032166666666666656
5 0.69409375 0.47759999999999997 0.008124999999999953 0.01422222222222217
5 0.5249010416666666 0.5593777777777779 0.015015624999999961 0.02
8 0.25390625 0.05308888888888889 0.01854166666666662 0.026222222222222216
5 0.4536145833333334 0.5263 0.019562499999999972 0.026111111111111113
8 0.17627083333333335 0.3270888888888889 0.01182812500000002 0.021533333333333328
5 0.37890625 0.6208333333333333 0.01013020833333324 0.022722222222222272
10 0.6278489583333333 0.44687777777777776 0.02109375 0.04817777777777779
10 0.6428541666666666 0.5242111111111112 0.032088541666666734 0.06212222222222219
10 0.6887604166666667 0.4548 0.01931249999999996 0.027255555555555526
10 0.6845989583333333 0.5381555555555555 0.027630208333333427 0.040566666666666654
10 0.6526562499999999 0.5901333333333333 0.03446875000000015 0.057044444444444356
10 0.60140625 0.6078777777777779 0.026442708333333325 0.04563333333333326
10 0.5492604166666666 0.5495666666666666 0.03387499999999998 0.06085555555555554
10 0.5966510416666667 0.5356222222222222 0.02406770833333335 0.04436666666666661
10 0.601703125 0.48554444444444445 0.02584895833333339 0.04436666666666661