10 0.2674166666666667 0.48367777777777776 0.022390625000000004 0.04731111111111116
1 0.8168958333333334 0.6927111111111112 0.044921875 0.10364444444444441
10 0.3715833333333334 0.6911444444444445 0.03149479166666668 0.060777777777777826
2 0.7265625 0.3260444444444444 0.013374999999999915 0.025233333333333375
2 0.7963854166666666 0.3710888888888889 0.016161458333333437 0.027144444444444388
2 0.755859375 0.34478888888888887 0.013791666666666676 0.025422222222222218
2 0.7099635416666668 0.3468777777777778 0.013791666666666676 0.025133333333333337
2 0.73828125 0.35286666666666666 0.014505208333333287 0.025033333333333303
2 0.7666041666666668 0.3671888888888889 0.013791666666666676 0.025033333333333303
2 0.79296875 0.39036666666666664 0.016281250000000115 0.02832222222222223
1 0.9389635416666666 0.9333333333333333 0.058901041666666744 0.12864444444444442
2 0.7397447916666666 0.38203333333333334 0.015078124999999906 0.027033333333333378
1 0.8520520833333334 0.7552111111111112 0.0496822916666666 0.051111111111111114
2 0.7099635416666668 0.3731777777777778 0.012624999999999886 0.02388888888888889
7 0.623046875 0.12891111111111112 0.014229166666666753 0.03105555555555556
2 0.7749010416666666 0.39608888888888893 0.015718749999999913 0.02766666666666664
7 0.6381822916666666 0.13736666666666666 0.013588541666666742 0.028877777777777787
2 0.794921875 0.44062222222222225 0.01730208333333323 0.029877777777777764
2 0.7548854166666668 0.4119777777777777 0.015958333333333265 0.027777777777777776
1 0.7998072916666668 0.8234333333333334 0.056640625 0.07142222222222219
7 0.6079114583333334 0.12331111111111112 0.013427083333333438 0.027144444444444454
1 0.9677760416666668 0.8447888888888888 0.06256249999999994 0.14335555555555554
7 0.6313489583333334 0.10325555555555556 0.012968750000000048 0.029655555555555553
7 0.619140625 0.11347777777777777 0.012192708333333257 0.0292
5 0.5 0.475 0.017104166666666625 0.059955555555555595
5 0.6376979166666668 0.4216111111111111 0.015541666666666742 0.04856666666666671
3 0.5942395833333334 0.17148888888888889 0.012052083333333267 0.025711111111111094
7 0.64453125 0.1084 0.016281250000000115 0.03353333333333334
1 0.9399427083333334 0.8135444444444445 0.06021354166666673 0.1249333333333334
8 0.8422864583333334 0.27395555555555556 0.013687500000000104 0.022544444444444436
3 0.6049791666666666 0.1841111111111111 0.0125729166666666 0.02398888888888886
8 0.8452135416666666 0.2942666666666666 0.015364583333333333 0.024744444444444423
5 0.5180677083333334 0.4963555555555556 0.01065104166666669 0.02161111111111116
10 0.307375 0.5101555555555556 0.02504166666666663 0.03873333333333335
3 0.6162135416666668 0.16327777777777777 0.020765624999999944 0.02523333333333331
2 0.7334010416666668 0.3947888888888889 0.02194270833333339 0.035544444444444455
3 0.5649427083333334 0.11516666666666667 0.010526041666666685 0.02072222222222223
8 0.8081041666666666 0.2942666666666666 0.014953125000000018 0.026511111111111128
5 0.367921875 0.5812555555555555 0.020369791666666616 0.03925555555555554
8 0.7836927083333334 0.26901111111111115 0.014734374999999982 0.026222222222222247
8 0.794921875 0.3080777777777778 0.015130208333333428 0.028644444444444413
7 0.6474635416666668 0.12611111111111112 0.012010416666666638 0.0292
8 0.8403333333333334 0.3171888888888889 0.013276041666666552 0.023077777777777756
5 0.3002916666666666 0.46926666666666667 0.0121458333333333 0.018655555555555516
8 0.7705104166666668 0.08645555555555556 0.018796875000000077 0.027877777777777783
3 0.5288072916666666 0.10364444444444444 0.010567708333333314 0.022900000000000014
3 0.541015625 0.11562222222222222 0.008255208333333286 0.02
3 0.6713854166666666 0.4533888888888889 0.042234375000000074 0.06432222222222221
5 0.6064479166666668 0.6463555555555556 0.015250000000000104 0.02832222222222223
8 0.8208020833333334 0.0901 0.01785416666666677 0.032166666666666656
5 0.30590625 0.47759999999999997 0.008124999999999953 0.01422222222222217
5 0.4750989583333334 0.5593777777777779 0.015015624999999961 0.020000000000000063
8 0.74609375 0.05308888888888889 0.01854166666666662 0.026222222222222216
5 0.5463854166666666 0.5263 0.019562499999999972 0.026111111111111113
8 0.8237291666666666 0.3270888888888889 0.01182812500000002 0.021533333333333328
5 0.62109375 0.6208333333333333 0.01013020833333324 0.022722222222222272
10 0.3721510416666666 0.44687777777777776 0.02109375 0.04817777777777779
10 0.35714583333333333 0.5242111111111112 0.032088541666666616 0.06212222222222219
10 0.31123958333333335 0.4548 0.01931249999999996 0.027255555555555526
10 0.3154010416666667 0.5381555555555555 0.02763020833333331 0.040566666666666654
10 0.34734375 0.5901333333333333 0.034468750000000034 0.05704444444444442
10 0.39859374999999997 0.6078777777777779 0.026442708333333325 0.04563333333333326
10 0.4507395833333333 0.5495666666666666 0.03387499999999998 0.06085555555555554
10 0.4033489583333333 0.5356222222222222 0.02406770833333335 0.04436666666666661
10 0.398296875 0.48554444444444445 0.02584895833333339 0.04436666666666661