3 0.8563229166666666 0.3224 0.02975520833333339 0.041988888888888846
7 0.7664791666666666 0.25129999999999997 0.019864583333333265 0.037077777777777786
3 0.8927604166666666 0.33697777777777776 0.03540104166666656 0.04566666666666669
3 0.7192395833333334 0.2658888888888889 0.017578125 0.036355555555555585
7 0.7409687500000001 0.22799999999999998 0.018052083333333257 0.04143333333333336
7 0.7341302083333333 0.19883333333333333 0.01785416666666677 0.035811111111111134
3 0.7028802083333333 0.2916666666666667 0.018052083333333493 0.03315555555555559
8 0.4829114583333334 0.1858111111111111 0.010817708333333323 0.02272222222222221
9 0.9194947916666667 0.49974444444444444 0.035218749999999945 0.049966666666666694
7 0.718015625 0.23085555555555556 0.017380208333333275 0.03434444444444447
7 0.7589114583333334 0.20664444444444444 0.020416666666666573 0.03434444444444447
9 0.9279166666666666 0.5432333333333335 0.037046875000000055 0.05475555555555552
3 0.716796875 0.3302111111111111 0.02116145833333339 0.03763333333333334
7 0.7473124999999999 0.18984444444444445 0.016218749999999935 0.03343333333333331
7 0.765625 0.22565555555555555 0.023104166666666735 0.034988888888888896
9 0.9616718750000001 0.5018222222222222 0.03689583333333341 0.052022222222222275
9 0.9719374999999999 0.5718777777777778 0.041322916666666744 0.059411111111111144
8 0.4956041666666666 0.17292222222222223 0.00912499999999999 0.020477777777777786
7 0.720703125 0.18151111111111112 0.016401041666666553 0.03118888888888888
3 0.66528125 0.29114444444444443 0.015671875000000075 0.036355555555555585
8 0.48925520833333336 0.23033333333333333 0.011687500000000028 0.02552222222222225
8 0.4770520833333334 0.20455555555555555 0.0109010416666667 0.02381111111111112
8 0.4936510416666666 0.21327777777777776 0.010817708333333323 0.022544444444444468
0 0.9347552083333334 0.2096333333333333 0.016921874999999885 0.02832222222222223
0 0.9704583333333333 0.21366666666666667 0.021453125000000028 0.029311111111111107
9 0.993875 0.5375 0.011640624999999953 0.05045555555555552
0 0.927734375 0.1918 0.017911458333333265 0.029877777777777764
5 0.498046875 0.4820333333333333 0.0140625 0.035677777777777794
0 0.8956927083333334 0.19466666666666665 0.01658854166666662 0.028988888888888863
0 0.9460156249999999 0.1901 0.018234375000000115 0.02954444444444442
0 0.88934375 0.17864444444444444 0.016843750000000077 0.027144444444444454
0 0.9438802083333333 0.20807777777777778 0.011468749999999991 0.025911111111111104
0 0.905640625 0.1724 0.016526041666666675 0.02766666666666664
0 0.9269427083333334 0.1744777777777778 0.0167239583333334 0.025422222222222218
7 0.71753125 0.20807777777777778 0.017854166666666536 0.03623333333333335
5 0.4111302083333333 0.5364555555555556 0.013166666666666771 0.03971111111111112
2 0.4518229166666667 0.2757 0.015625 0.02361111111111111
4 0.612953125 0.07361111111111111 0.029296875 0.025
4 0.652015625 0.08264444444444444 0.029296875 0.02361111111111111
6 0.7454427083333334 0.06458888888888889 0.024739583333333332 0.034722222222222224
3 0.43696875 0.49801111111111107 0.04827604166666669 0.09344444444444447
3 0.40896875 0.4776222222222222 0.03864583333333324 0.07695555555555554
2 0.47968229166666665 0.2914555555555556 0.013015625000000005 0.02285555555555561
8 0.5190104166666667 0.18283333333333335 0.012473958333333358 0.026033333333333342
8 0.518875 0.21002222222222222 0.012203125000000033 0.03124444444444445
8 0.47053124999999996 0.22434444444444443 0.011255208333333282 0.024011111111111125
4 0.5905572916666666 0.06447777777777777 0.02540104166666666 0.01874444444444445
4 0.6075937499999999 0.053844444444444445 0.02240104166666678 0.021266666666666666
4 0.6036822916666668 0.037722222222222226 0.019932291666666657 0.021944444444444444
4 0.585515625 0.04046666666666667 0.015968749999999924 0.02103333333333334
4 0.5853593749999999 0.04755555555555555 0.01307291666666662 0.024233333333333336
4 0.6340677083333333 0.04206666666666667 0.026041666666666668 0.01783333333333333
4 0.6362656250000001 0.046066666666666665 0.01950520833333324 0.017600000000000005
4 0.6608593749999999 0.051666666666666666 0.022614583333333372 0.02468888888888889
4 0.6579635416666666 0.06355555555555556 0.018968750000000038 0.018288888888888896
4 0.6371197916666667 0.06104444444444444 0.021645833333333305 0.01783333333333333
4 0.6372291666666666 0.06938888888888889 0.017578125 0.026744444444444435
6 0.7487552083333334 0.04122222222222222 0.019031249999999982 0.015822222222222217
6 0.7679791666666667 0.04507777777777778 0.021567708333333258 0.02893333333333334
6 0.7279166666666667 0.0304 0.02303125000000013 0.018322222222222215
6 0.7273333333333334 0.049966666666666666 0.015031250000000067 0.027899999999999998
1 0.244921875 0.4555888888888889 0.04759895833333327 0.07482222222222226
1 0.07082291666666668 0.4932222222222222 0.07264583333333334 0.06368888888888895
1 0.1495208333333333 0.4738555555555556 0.05719791666666675 0.08194444444444444
1 0.18177604166666667 0.5315222222222222 0.03444270833333339 0.06813333333333339
1 0.20265104166666661 0.40415555555555555 0.05532291666666656 0.04765555555555554
1 0.21736458333333328 0.449 0.015718749999999913 0.04805555555555555