3 0.14367708333333334 0.3224 0.02975520833333333 0.041988888888888846
7 0.23352083333333334 0.25129999999999997 0.019864583333333328 0.037077777777777786
3 0.10723958333333333 0.33697777777777776 0.035401041666666654 0.04566666666666669
3 0.2807604166666666 0.2658888888888889 0.017578125 0.036355555555555585
7 0.25903125 0.22799999999999998 0.018052083333333316 0.04143333333333336
7 0.2658697916666667 0.19883333333333333 0.017854166666666654 0.035811111111111134
3 0.2971197916666667 0.2916666666666667 0.018052083333333375 0.033155555555555556
8 0.5170885416666666 0.1858111111111111 0.010817708333333323 0.02272222222222221
9 0.08050520833333333 0.49974444444444444 0.03521875 0.049966666666666694
7 0.281984375 0.23085555555555556 0.017380208333333275 0.03434444444444447
7 0.24108854166666666 0.20664444444444444 0.02041666666666669 0.03434444444444447
9 0.07208333333333333 0.5432333333333335 0.037046875 0.054755555555555585
3 0.283203125 0.3302111111111111 0.02116145833333339 0.03763333333333334
7 0.2526875 0.18984444444444445 0.016218749999999994 0.03343333333333331
7 0.234375 0.22565555555555555 0.023104166666666672 0.034988888888888896
9 0.038328125000000005 0.5018222222222222 0.036895833333333336 0.052022222222222275
9 0.028062500000000004 0.5718777777777778 0.04132291666666667 0.059411111111111144
8 0.5043958333333334 0.17292222222222223 0.00912499999999999 0.020477777777777786
7 0.279296875 0.18151111111111112 0.01640104166666667 0.03118888888888888
3 0.33471875 0.29114444444444443 0.015671874999999957 0.036355555555555585
8 0.5107447916666666 0.23033333333333333 0.011687500000000028 0.02552222222222225
8 0.5229479166666666 0.20455555555555555 0.0109010416666667 0.02381111111111112
8 0.5063489583333334 0.21327777777777776 0.010817708333333323 0.022544444444444468
0 0.06524479166666666 0.2096333333333333 0.016921874999999996 0.02832222222222223
0 0.029541666666666667 0.21366666666666667 0.021453125 0.029311111111111107
9 0.006125000000000001 0.5375 0.011640625 0.05045555555555552
0 0.072265625 0.1918 0.017911458333333328 0.029877777777777764
5 0.501953125 0.4820333333333333 0.0140625 0.035677777777777794
0 0.10430729166666668 0.19466666666666665 0.01658854166666668 0.028988888888888863
0 0.053984375 0.1901 0.018234374999999994 0.02954444444444442
0 0.11065625 0.17864444444444444 0.016843749999999987 0.027144444444444454
0 0.05611979166666667 0.20807777777777778 0.011468750000000005 0.025911111111111104
0 0.094359375 0.1724 0.016526041666666675 0.02766666666666664
0 0.07305729166666668 0.1744777777777778 0.01672395833333334 0.025422222222222218
7 0.28246875 0.20807777777777778 0.017854166666666654 0.03623333333333335
5 0.5888697916666668 0.5364555555555556 0.013166666666666771 0.03971111111111112
2 0.5481770833333334 0.2757 0.015625 0.02361111111111111
4 0.387046875 0.07361111111111111 0.029296875 0.025
4 0.347984375 0.08264444444444444 0.029296875 0.02361111111111111
6 0.2545572916666667 0.06458888888888889 0.024739583333333332 0.03472222222222222
3 0.56303125 0.49801111111111107 0.04827604166666669 0.09344444444444447
3 0.59103125 0.4776222222222222 0.03864583333333324 0.07695555555555554
2 0.5203177083333334 0.2914555555555556 0.013015625000000005 0.02285555555555558
8 0.48098958333333336 0.18283333333333335 0.012473958333333358 0.026033333333333342
8 0.48112499999999997 0.21002222222222222 0.012203125000000033 0.03124444444444445
8 0.52946875 0.22434444444444443 0.011255208333333282 0.024011111111111125
4 0.40944270833333335 0.06447777777777777 0.02540104166666666 0.01874444444444445
4 0.39240624999999996 0.053844444444444445 0.022401041666666663 0.021266666666666666
4 0.3963177083333333 0.037722222222222226 0.019932291666666657 0.021944444444444444
4 0.41448437499999996 0.04046666666666667 0.015968750000000042 0.021033333333333338
4 0.414640625 0.04755555555555555 0.01307291666666662 0.024233333333333336
4 0.3659322916666667 0.04206666666666667 0.026041666666666668 0.01783333333333333
4 0.363734375 0.046066666666666665 0.019505208333333357 0.017600000000000005
4 0.339140625 0.051666666666666666 0.022614583333333372 0.02468888888888889
4 0.34203645833333335 0.06355555555555556 0.018968750000000038 0.018288888888888896
4 0.36288020833333334 0.06104444444444444 0.021645833333333305 0.01783333333333333
4 0.3627708333333333 0.06938888888888889 0.017578125 0.026744444444444435
6 0.25124479166666663 0.04122222222222222 0.019031249999999982 0.01582222222222222
6 0.23202083333333334 0.04507777777777778 0.021567708333333317 0.028933333333333335
6 0.27208333333333334 0.0304 0.023031250000000014 0.018322222222222215
6 0.27266666666666667 0.049966666666666666 0.015031249999999977 0.027899999999999998
1 0.755078125 0.4555888888888889 0.04759895833333327 0.07482222222222226
1 0.9291770833333334 0.4932222222222222 0.07264583333333334 0.06368888888888895
1 0.8504791666666667 0.4738555555555556 0.05719791666666675 0.08194444444444444
1 0.8182239583333334 0.5315222222222222 0.03444270833333339 0.06813333333333339
1 0.7973489583333334 0.40415555555555555 0.05532291666666656 0.04765555555555554
1 0.7826354166666667 0.449 0.015718749999999913 0.04805555555555555