2 0.2443854166666667 0.48490000000000005 0.018723958333333356 0.03190000000000004
2 0.23352083333333334 0.43802222222222226 0.016843750000000015 0.02800000000000005
2 0.14563020833333334 0.5760444444444445 0.021531250000000016 0.03678888888888878
2 0.20959375 0.5333333333333333 0.019682291666666647 0.034177777777777765
7 0.6147447916666666 0.39792222222222223 0.023104166666666735 0.04583333333333333
2 0.15856770833333333 0.6062555555555555 0.022322916666666675 0.03736666666666679
7 0.6879895833333334 0.41823333333333335 0.023375000000000055 0.04436666666666661
3 0.4877916666666666 0.3705777777777778 0.019119791666666684 0.045511111111111155
7 0.6533229166666668 0.4036444444444444 0.015364583333333333 0.04078888888888893
9 0.5419947916666668 0.10956666666666666 0.01384895833333341 0.030699999999999995
7 0.6279322916666668 0.3703111111111111 0.019010416666666665 0.04421111111111107
8 0.2810052083333333 0.7099 0.019197916666666613 0.03736666666666679
7 0.59375 0.3713555555555556 0.025953124999999962 0.04856666666666671
9 0.5029322916666666 0.09029999999999999 0.016343750000000056 0.03291111111111111
8 0.2602552083333334 0.6635444444444445 0.020447916666666663 0.04016666666666677
7 0.642578125 0.3710888888888889 0.018052083333333257 0.04436666666666661
3 0.59765625 0.20299999999999999 0.02084374999999999 0.0590777777777778
9 0.5209947916666666 0.09895555555555556 0.01373958333333339 0.031055555555555545
7 0.6030260416666666 0.3395888888888889 0.020645833333333266 0.04296666666666662
9 0.4826666666666667 0.12083333333333333 0.015249999999999986 0.03253333333333334
8 0.3044427083333333 0.7510444444444445 0.02365104166666671 0.05259999999999991
8 0.23401041666666667 0.9666666666666667 0.026307291666666663 0.05259999999999991
9 0.5092760416666666 0.11288888888888889 0.014177083333333347 0.03118888888888888
9 0.4880364583333333 0.09837777777777779 0.013901041666666695 0.03057777777777779
0 0.7734375 0.1819 0.0167239583333334 0.032533333333333365
3 0.4865729166666667 0.3270888888888889 0.028276041666666647 0.05559999999999996
9 0.499265625 0.12747777777777777 0.013901041666666695 0.033288888888888896
5 0.15124479166666666 0.21901111111111113 0.017104166666666684 0.032166666666666656
0 0.7568385416666668 0.20195555555555555 0.016218749999999935 0.03353333333333334
9 0.5151354166666666 0.1391888888888889 0.014671875000000037 0.03365555555555555
8 0.18652604166666667 0.8161444444444445 0.028276041666666647 0.05130000000000008
7 0.5795885416666666 0.3937555555555555 0.016343750000000056 0.01954444444444448
8 0.2482916666666667 0.7989555555555555 0.026963541666666656 0.05202222222222215
0 0.8247083333333334 0.23984444444444447 0.018906250000000093 0.034177777777777765
0 0.7778333333333334 0.2575555555555556 0.01854166666666662 0.033922222222222194
3 0.121765625 0.23736666666666667 0.04672395833333332 0.05622222222222225
9 0.5400416666666668 0.1320333333333333 0.012010416666666638 0.03
5 0.21081770833333333 0.014055555555555557 0.009453124999999988 0.020633333333333333
8 0.17175520833333333 0.7567666666666667 0.032411458333333344 0.06032222222222218
5 0.4997552083333333 0.48098888888888885 0.016020833333333328 0.03315555555555559
8 0.2224114583333333 0.682811111111111 0.03192187499999998 0.05259999999999991
0 0.7841822916666668 0.22292222222222222 0.016984375000000065 0.03343333333333331
8 0.20691145833333333 0.879688888888889 0.00546875 0.011666666666666667
0 0.8012708333333334 0.21184444444444445 0.017640624999999945 0.031300000000000015
8 0.21386979166666667 0.8593777777777778 0.005406249999999998 0.01190000000000004
0 0.7485364583333334 0.2349 0.016098958333333257 0.03277777777777778
0 0.8081041666666666 0.2546888888888889 0.018187500000000037 0.03353333333333334
8 0.228515625 0.7520888888888889 0.03408854166666669 0.05963333333333341
8 0.1936041666666667 0.8968777777777779 0.005687499999999979 0.011488888888888799