7 0.552 0.1537777777777778 0.0161614583333332 0.035811111111111134
7 0.5322239583333332 0.1580777777777778 0.017515625000000055 0.03942222222222224
7 0.5114739583333333 0.16562222222222223 0.01616145833333332 0.033922222222222194
3 0.61596875 0.1653666666666667 0.016343750000000056 0.029088888888888897
8 0.2534166666666666 0.29765555555555556 0.014901041666666733 0.03046666666666662
3 0.65234375 0.16992222222222222 0.019942708333333316 0.049477777777777746
0 0.6325677083333333 0.0346 0.010010416666666562 0.022299999999999993
7 0.5407708333333333 0.13007777777777776 0.015776041666666647 0.04049999999999999
9 0.7556145833333333 0.25391111111111114 0.02116145833333339 0.03942222222222224
8 0.244140625 0.33463333333333334 0.017380208333333275 0.03046666666666662
9 0.755859375 0.30052222222222225 0.022203125000000056 0.041666666666666664
9 0.7791770833333334 0.2927111111111111 0.02229166666666676 0.0400444444444444
9 0.7302239583333333 0.2533888888888889 0.020692708333333344 0.03889999999999999
2 0.2587864583333333 0.5174444444444445 0.019942708333333316 0.036488888888888925
2 0.3510729166666666 0.4791666666666667 0.017041666666666563 0.033788888888888854
9 0.79553125 0.325 0.022244791666666687 0.04150000000000002
8 0.24658333333333335 0.3697888888888889 0.018479166666666675 0.03610000000000001
2 0.3120104166666666 0.4963555555555556 0.018125000000000096 0.035255555555555575
9 0.7346197916666667 0.3088555555555556 0.02194270833333339 0.043722222222222246
9 0.8096927083333334 0.33385555555555557 0.02276562500000002 0.034733333333333324
2 0.2548802083333333 0.5635444444444444 0.020598958333333427 0.03903333333333333
9 0.716796875 0.2807333333333333 0.020250000000000056 0.04055555555555555
8 0.2763645833333333 0.32786666666666664 0.017380208333333275 0.033533333333333276
9 0.7497552083333333 0.34271111111111113 0.023072916666666523 0.048377777777777735
8 0.3100572916666666 0.29843333333333333 0.014557291666666573 0.034733333333333324
2 0.23046875 0.675 0.023999999999999962 0.0449888888888889
8 0.2836927083333334 0.3932333333333334 0.018338541666666687 0.03623333333333335
8 0.306640625 0.3622444444444444 0.013427083333333438 0.03328888888888893
0 0.6481927083333333 0.02381111111111111 0.011328125 0.025233333333333326
0 0.6098645833333334 0.03512222222222222 0.010244791666666704 0.0229
7 0.5236822916666667 0.14205555555555555 0.017244791666666613 0.03623333333333335
7 0.5041510416666667 0.13736666666666666 0.013375000000000033 0.032166666666666656
0 0.6279270833333332 0.01518888888888889 0.012192708333333257 0.02651111111111111
2 0.3525364583333333 0.6067666666666667 0.01942187499999998 0.03866666666666661
2 0.3637708333333334 0.5427111111111111 0.018296875000000056 0.035811111111111134
0 0.602296875 0.01977777777777778 0.014838541666666554 0.03473333333333333
2 0.2919895833333333 0.5369777777777778 0.01971354166666662 0.036355555555555585
9 0.7852760416666666 0.34192222222222224 0.02332812499999998 0.042544444444444406
2 0.3149427083333334 0.5932333333333333 0.019682291666666647 0.03880000000000008
8 0.2778333333333334 0.36119999999999997 0.016020833333333446 0.03046666666666662
2 0.3276354166666666 0.5302111111111111 0.018369791666666656 0.035122222222222235
7 0.5275885416666667 0.11692222222222223 0.014786458333333268 0.04004444444444444
7 0.5095208333333333 0.10305555555555555 0.017104166666666625 0.03035555555555555
2 0.2866197916666666 0.6494777777777777 0.022031250000000096 0.04232222222222213
2 0.2700208333333334 0.5932333333333333 0.020765624999999944 0.03918888888888887
0 0.615234375 0.009955555555555556 0.009416666666666629 0.01902222222222223
2 0.3203125 0.6437555555555555 0.02052083333333338 0.041733333333333275
7 0.52734375 0.09876666666666667 0.013375000000000152 0.02756666666666667
3 0.5483385416666666 0.2893222222222222 0.01861458333333322 0.035544444444444455
5 0.4995104166666666 0.475 0.01672395833333328 0.03763333333333334
3 0.5361302083333332 0.23893333333333333 0.02297916666666661 0.05485555555555556
3 0.6352552083333334 0.1766888888888889 0.013901041666666695 0.029655555555555553
3 0.51440625 0.2546888888888889 0.018020833333333285 0.040722222222222194
7 0.5185520833333334 0.11288888888888889 0.014447916666666671 0.03291111111111111
8 0.2954114583333334 0.2856777777777778 0.013124999999999906 0.02919999999999997
5 0.087890625 0.33385555555555557 0.02084374999999999 0.03889999999999999
7 0.4921875 0.10937777777777778 0.010984374999999958 0.02954444444444445
8 0.30859375 0.33307777777777775 0.012968750000000048 0.02483333333333336
7 0.5026875 0.11347777777777777 0.015718750000000035 0.03365555555555555
5 0.5727552083333334 0.08007777777777778 0.011114583333333409 0.036655555555555566
3 0.6606458333333334 0.1819 0.005578125000000019 0.022455555555555534
4 0.3663697916666667 0.06091111111111111 0.0284427083333334 0.03473333333333334
4 0.3310885416666667 0.021766666666666667 0.022578124999999952 0.0352
4 0.34628645833333327 0.043077777777777784 0.029958333333333323 0.027788888888888894
4 0.3342395833333333 0.06785555555555556 0.0323489583333334 0.02362222222222223
4 0.40979166666666667 0.05303333333333333 0.03017708333333336 0.02454444444444445
4 0.3881927083333333 0.044922222222222224 0.019973958333333285 0.028711111111111114
4 0.4055572916666667 0.024777777777777777 0.01780208333333325 0.030111111111111113
4 0.39980729166666673 0.009266666666666666 0.02496875000000003 0.018522222222222225
4 0.36409375 0.020377777777777776 0.019104166666666582 0.02501111111111111
4 0.3180625 0.050944444444444445 0.013895833333333248 0.03242222222222221
4 0.31307291666666665 0.04191111111111111 0.015197916666666582 0.03844444444444444