1 0.3342291666666667 0.2575555555555556 0.029708333333333316 0.04010000000000004
1 0.37402604166666664 0.2687555555555555 0.03390624999999995 0.035388888888888914
1 0.34765625 0.31562222222222225 0.029312499999999984 0.0449888888888889
2 0.242796875 0.6401 0.023072916666666644 0.040655555555555466
1 0.3376458333333333 0.2968777777777778 0.038697916666666644 0.02832222222222223
1 0.294921875 0.29114444444444443 0.032468749999999956 0.03903333333333333
2 0.28222916666666664 0.6703111111111111 0.02279687499999999 0.04215555555555561
2 0.3125 0.6781222222222222 0.020765624999999944 0.040888888888888836
2 0.23547395833333334 0.7270888888888889 0.02191145833333336 0.03987777777777789
2 0.33105729166666664 0.7218777777777778 0.022031249999999978 0.04456666666666655
1 0.3002916666666666 0.2477888888888889 0.03295833333333332 0.041666666666666664
1 0.32690625 0.22135555555555556 0.025328125000000055 0.03635555555555552
2 0.3151875 0.8119777777777778 0.022630208333333356 0.04514444444444456
2 0.19580208333333332 0.7640666666666667 0.02670312499999999 0.04782222222222218
2 0.16222916666666667 0.8359333333333334 0.029921875000000025 0.05279999999999998
2 0.2834479166666667 0.7333333333333333 0.023104166666666613 0.04514444444444456
2 0.21301041666666667 0.8854222222222222 0.029416666666666678 0.0585333333333334
1 0.383546875 0.23932222222222221 0.03408854166666669 0.03291111111111111
2 0.22155729166666666 0.8067666666666667 0.027114583333333307 0.05081111111111113
5 0.677734375 0.2328111111111111 0.008713541666666677 0.02398888888888886
5 0.45825 0.4112 0.019911458333333344 0.06396666666666673
2 0.255859375 0.9286444444444444 0.029036458333333334 0.06032222222222218
2 0.262453125 0.8234333333333334 0.027177083333333307 0.05168888888888887
10 0.6215833333333334 0.2533888888888889 0.018583333333333247 0.03404444444444443
5 0.5307604166666666 0.6276 0.007963541666666648 0.01887777777777779
1 0.359375 0.22174444444444444 0.021088541666666672 0.042222222222222223
5 0.499265625 0.4731777777777778 0.01704166666666668 0.05168888888888887
5 0.505859375 0.2721333333333333 0.0136354166666667 0.026222222222222247
5 0.49902604166666664 0.46015555555555554 0.008062500000000009 0.03264444444444444