3 0.699546875 0.6361111111111111 0.050130208333333336 0.1361111111111111
2 0.697265625 0.2909777777777778 0.018229166666666668 0.034722222222222224
8 0.6695989583333334 0.14583333333333334 0.014973958333333334 0.030555555555555555
0 0.3004583333333333 0.03611111111111111 0.014973958333333334 0.022222222222222223
7 0.4075520833333333 0.12222222222222222 0.018229166666666668 0.03611111111111111
2 0.6625989583333334 0.2963555555555556 0.013588541666666742 0.02756666666666664
2 0.634765625 0.29740000000000005 0.01353645833333322 0.02735555555555556
2 0.70703125 0.31953333333333334 0.014447916666666553 0.027566666666666607
8 0.681640625 0.16926666666666668 0.013124999999999906 0.02641111111111109
7 0.41284375 0.09745555555555555 0.017380208333333275 0.03635555555555556
2 0.6806666666666668 0.3151 0.014177083333333229 0.027777777777777776
2 0.6362291666666666 0.3429666666666667 0.013901041666666695 0.026933333333333344
8 0.6850572916666666 0.19569999999999999 0.01353645833333322 0.02756666666666667
8 0.6640625 0.19635555555555556 0.012869791666666686 0.026011111111111138
2 0.6572291666666668 0.3234333333333333 0.014671875000000037 0.027244444444444425
7 0.4313958333333333 0.10462222222222221 0.0136354166666667 0.034988888888888896
2 0.701171875 0.34271111111111113 0.01548958333333322 0.029311111111111107
8 0.63671875 0.16627777777777777 0.011916666666666723 0.027144444444444454
7 0.44921875 0.11757777777777777 0.014619791666666633 0.032033333333333316
7 0.419921875 0.08189999999999999 0.015718750000000035 0.033155555555555556
2 0.6538072916666666 0.37786666666666663 0.014838541666666554 0.02843333333333337
3 0.7143541666666666 0.5724 0.04510416666666662 0.11607777777777781
2 0.6752916666666666 0.35755555555555557 0.015078124999999906 0.02800000000000005
2 0.6787135416666668 0.38906666666666667 0.014786458333333268 0.028988888888888925
2 0.736328125 0.37786666666666663 0.014786458333333268 0.03216666666666672
8 0.6640625 0.22135555555555556 0.01384895833333341 0.029088888888888897
0 0.3317864583333333 0.01781111111111111 0.011244791666666623 0.023255555555555554
0 0.279296875 0.02832222222222222 0.011916666666666723 0.02446666666666667
7 0.453125 0.06718888888888888 0.013479166666666724 0.029422222222222218
2 0.701171875 0.3802111111111111 0.013374999999999915 0.027144444444444388
7 0.439453125 0.0835888888888889 0.01306770833333329 0.031655555555555555
0 0.307859375 0.013366666666666666 0.011468749999999991 0.026322222222222223
7 0.43261979166666664 0.06848888888888889 0.014229166666666633 0.02954444444444445
7 0.41699479166666664 0.06744444444444445 0.011781249999999943 0.026411111111111114
0 0.29590104166666664 0.011944444444444445 0.010489583333333385 0.021455555555555558
0 0.3223958333333333 0.008333333333333333 0.010416666666666666 0.016666666666666666
9 0.233765625 0.2786444444444445 0.02191145833333336 0.0391888888888889
9 0.2612291666666666 0.2669222222222222 0.02056770833333331 0.04117777777777778
9 0.2204583333333333 0.3221333333333333 0.022505208333333353 0.04111111111111111
5 0.5004895833333334 0.4783888888888889 0.013276041666666672 0.035122222222222235
9 0.2497552083333333 0.3184888888888889 0.021484375 0.04150000000000002
8 0.6508802083333334 0.17604444444444445 0.008546874999999924 0.018655555555555578
9 0.2756354166666667 0.3151 0.021364583333333322 0.041277777777777754
9 0.21240104166666668 0.3604222222222222 0.022031249999999978 0.04801111111111115
9 0.2846666666666666 0.28463333333333335 0.020921875000000038 0.04040000000000001
9 0.27221875 0.34531111111111107 0.02365104166666668 0.029422222222222242
7 0.4514166666666667 0.08997777777777778 0.016098958333333375 0.03610000000000001
8 0.6440416666666666 0.20742222222222223 0.012968750000000048 0.03277777777777778
8 0.640625 0.15195555555555554 0.0124270833333334 0.029311111111111107
8 0.6860364583333334 0.22017777777777778 0.013223958333333266 0.028644444444444476
0 0.32715104166666664 0.02954444444444445 0.008473958333333325 0.02055555555555556
7 0.4252916666666666 0.11204444444444445 0.013125000000000024 0.03873333333333335
9 0.197265625 0.37786666666666663 0.01384895833333335 0.031188888888888943
9 0.23669270833333333 0.3572888888888889 0.015489583333333338 0.014733333333333324
3 0.4622395833333333 0.17777777777777778 0.018229166666666668 0.022222222222222223
3 0.3046875 0.15694444444444444 0.020833333333333332 0.03888888888888889
3 0.4401875 0.18125555555555556 0.015249999999999986 0.03277777777777778
3 0.4201666666666667 0.18815555555555555 0.014734374999999982 0.03353333333333334
3 0.3381354166666667 0.15924444444444444 0.030442708333333356 0.03648888888888891
3 0.4526354166666666 0.19492222222222222 0.01640104166666667 0.033922222222222194
3 0.3298333333333333 0.15546666666666664 0.012427083333333281 0.02523333333333331
3 0.4396979166666667 0.16953333333333334 0.0067708333333333336 0.011533333333333328