1 0.8173854166666668 0.6239555555555555 0.05331250000000007 0.10423333333333328
1 0.7387708333333334 0.5489555555555555 0.03423958333333322 0.07017777777777774
1 0.708984375 0.5427111111111111 0.0379635416666666 0.08730000000000006
7 0.2993177083333334 0.15924444444444444 0.016921875000000006 0.031300000000000015
1 0.7504895833333334 0.6557333333333333 0.03726041666666665 0.10657777777777785
7 0.339109375 0.15247777777777777 0.015364583333333333 0.030822222222222233
7 0.303953125 0.13711111111111113 0.01530208333333339 0.03328888888888888
0 0.18871875 0.08815555555555556 0.012869791666666686 0.025133333333333337
7 0.323 0.14257777777777778 0.016218750000000053 0.03315555555555554
7 0.3142083333333333 0.12285555555555555 0.015776041666666647 0.03253333333333334
9 0.10052604166666666 0.32422222222222224 0.025911458333333335 0.04055555555555555
9 0.082703125 0.3658888888888889 0.028062499999999997 0.041044444444444377
9 0.13220312500000003 0.30963333333333337 0.024614583333333342 0.041599999999999936
9 0.15576041666666668 0.32083333333333336 0.024473958333333337 0.041988888888888846
9 0.11615104166666666 0.3572888888888889 0.026260416666666675 0.04328888888888893
3 0.4702135416666666 0.5143222222222222 0.034609375000000026 0.10097777777777778
7 0.3254375 0.1106111111111111 0.013687499999999986 0.02954444444444445
9 0.14355729166666667 0.35364444444444443 0.025468749999999988 0.04134444444444448
1 0.9135729166666666 0.6953111111111111 0.08801041666666667 0.09642222222222219
3 0.5537135416666668 0.5075555555555555 0.042635416666666676 0.07343333333333336
0 0.19775520833333332 0.07167777777777778 0.012770833333333323 0.027144444444444454
0 0.167234375 0.08665555555555556 0.014901041666666674 0.02426666666666667
0 0.18713541666666667 0.0737 0.013791666666666676 0.02724444444444445
3 0.1892083333333333 0.20703333333333335 0.019911458333333344 0.035122222222222235
0 0.223265625 0.07292222222222222 0.012869791666666686 0.021611111111111105
5 0.4995104166666666 0.4838555555555556 0.013588541666666624 0.03948888888888885
5 0.634765625 0.12982222222222223 0.008677083333333257 0.02745555555555555
3 0.21753125 0.19492222222222222 0.013901041666666695 0.026822222222222206
8 0.5185572916666666 0.15612222222222222 0.009781249999999986 0.02353333333333334
8 0.5341822916666668 0.2164111111111111 0.008812500000000037 0.01873333333333335
5 0.515625 0.49713333333333337 0.01530208333333339 0.044566666666666685
8 0.5170885416666666 0.18684444444444445 0.008614583333333314 0.0216111111111111
9 0.06817708333333333 0.3927111111111111 0.02386458333333333 0.02103333333333328
3 0.5239270833333334 0.7442666666666667 0.021286458333333275 0.04892222222222219
1 0.861328125 0.5932333333333333 0.05572395833333322 0.10345555555555551
1 0.8916041666666668 0.6677111111111111 0.04281770833333335 0.03736666666666679
1 0.8090833333333334 0.7708333333333334 0.04830729166666667 0.12174444444444438
8 0.5493177083333334 0.15924444444444444 0.008218750000000104 0.018588888888888908
8 0.5512708333333334 0.1854222222222222 0.009270833333333428 0.02264444444444444
5 0.546875 0.7734333333333334 0.009895833333333333 0.030466666666666746
3 0.332765625 0.2056 0.0316770833333333 0.04772222222222221
5 0.580078125 0.6598999999999999 0.013067708333333409 0.04050000000000005
1 0.8720729166666668 0.7656222222222222 0.0806250000000001 0.13033333333333327
5 0.6953125 0.5338555555555556 0.012921874999999972 0.03792222222222222
5 0.5654322916666668 0.7432333333333333 0.016526041666666675 0.04016666666666677
1 0.7739270833333334 0.4947888888888889 0.024656250000000077 0.03216666666666672
3 0.203734375 0.19492222222222222 0.011598958333333324 0.023155555555555526
1 0.7626979166666668 0.5080777777777777 0.021651041666666752 0.04801111111111115
5 0.654296875 0.5494777777777777 0.0090572916666666 0.03277777777777778
2 0.5102552083333334 0.5724 0.009895833333333333 0.017266666666666625
8 0.5342864583333333 0.17513333333333334 0.014697916666666621 0.035699999999999996
8 0.5160833333333333 0.20673333333333332 0.010854166666666625 0.022677777777777807
8 0.5576979166666667 0.1908111111111111 0.014927083333333258 0.022677777777777807
8 0.5492135416666667 0.20528888888888888 0.017864583333333427 0.03135555555555559
2 0.5021770833333333 0.2836888888888889 0.011984374999999995 0.024122222222222232
2 0.5271666666666667 0.2774111111111111 0.01356770833333331 0.026055555555555544
2 0.5587135416666666 0.27042222222222223 0.011984375000000113 0.023644444444444412
2 0.5643645833333333 0.2906777777777778 0.011984375000000113 0.0217111111111111
2 0.5852864583333334 0.33193333333333336 0.013567708333333428 0.029911111111111065
2 0.5576979166666667 0.31143333333333334 0.009953125000000066 0.023644444444444412
2 0.5418645833333334 0.2906777777777778 0.011307291666666686 0.025566666666666658
2 0.5209479166666667 0.3015333333333333 0.010630208333333375 0.023155555555555592
2 0.5003645833333333 0.32083333333333336 0.011531250000000052 0.021233333333333347
2 0.51359375 0.3481 0.014020833333333371 0.02267777777777774
2 0.5349687500000001 0.3268666666666667 0.012437500000000056 0.024599999999999986
2 0.55453125 0.3418222222222222 0.014020833333333371 0.02653333333333333