9 0.42480729166666664 0.17955555555555555 0.01934895833333338 0.04328888888888886
9 0.3515625 0.15664444444444442 0.020369791666666616 0.04313333333333333
9 0.4123541666666667 0.21666666666666667 0.019562499999999972 0.04681111111111111
9 0.4001458333333333 0.15546666666666664 0.018875000000000006 0.042222222222222223
9 0.3784166666666666 0.14127777777777778 0.020645833333333384 0.04205555555555558
9 0.33715625 0.1990888888888889 0.020890624999999947 0.043622222222222215
9 0.3786614583333333 0.1854222222222222 0.020291666666666687 0.04472222222222222
9 0.3588854166666666 0.21523333333333333 0.021041666666666715 0.04505555555555557
9 0.37793229166666664 0.23775555555555555 0.020890624999999947 0.044300000000000006
3 0.5122083333333334 0.3377555555555556 0.023375000000000055 0.057099999999999984
5 0.499265625 0.4841111111111111 0.013276041666666672 0.02800000000000005
7 0.391359375 0.8359333333333334 0.03506249999999997 0.07871111111111102
3 0.29028125 0.5973999999999999 0.03649999999999996 0.069011111111111
3 0.4748541666666667 0.3393222222222222 0.023729166666666638 0.05006666666666661
3 0.5004895833333334 0.4138 0.02493229166666661 0.07695555555555554
7 0.4526354166666666 0.6734333333333333 0.030442708333333356 0.06666666666666667
7 0.5634791666666668 0.8671888888888889 0.034421875000000074 0.08157777777777786
7 0.45434375 0.8140666666666666 0.03390624999999995 0.07525555555555558
7 0.54296875 0.9406222222222221 0.0379635416666666 0.08378888888888898
7 0.5185572916666666 0.8364555555555555 0.03506249999999997 0.07936666666666674
3 0.3100572916666666 0.6588555555555556 0.05520833333333333 0.07525555555555558
7 0.50390625 0.7494777777777778 0.02865624999999999 0.07122222222222212
5 0.3022447916666666 0.6729222222222222 0.015604166666666686 0.02843333333333324
7 0.483640625 0.7442666666666667 0.027906249999999962 0.07245555555555559
7 0.4279791666666667 0.7479222222222223 0.03628645833333337 0.07871111111111102
0 0.7340520833333334 0.36944444444444446 0.027994791666666668 0.06111111111111111
0 0.705078125 0.4140666666666667 0.022203125000000056 0.0542333333333334
0 0.8012708333333334 0.5049444444444444 0.03179687500000009 0.049766666666666626
0 0.7265625 0.55 0.02747916666666678 0.05071111111111122
0 0.7436510416666666 0.4632777777777778 0.02493229166666661 0.048377777777777735
0 0.771484375 0.4390666666666667 0.025421874999999972 0.04736666666666666
0 0.7749010416666666 0.5406222222222222 0.02848958333333324 0.049377777777777715
0 0.6860364583333334 0.4955777777777778 0.023468749999999972 0.0474555555555556