9 0.5751927083333332 0.17955555555555555 0.01934895833333338 0.04328888888888886
9 0.6484375 0.15664444444444442 0.020369791666666495 0.04313333333333333
9 0.5876458333333333 0.21666666666666667 0.019562499999999972 0.04681111111111111
9 0.5998541666666667 0.15546666666666664 0.018875000000000124 0.042222222222222223
9 0.6215833333333334 0.14127777777777778 0.020645833333333505 0.04205555555555558
9 0.66284375 0.1990888888888889 0.02089062499999983 0.043622222222222215
9 0.6213385416666667 0.1854222222222222 0.020291666666666687 0.04472222222222222
9 0.6411145833333334 0.21523333333333333 0.021041666666666715 0.04505555555555557
9 0.6220677083333332 0.23775555555555555 0.02089062499999983 0.044300000000000006
3 0.4877916666666666 0.3377555555555556 0.023375000000000055 0.057099999999999984
5 0.500734375 0.4841111111111111 0.013276041666666672 0.02800000000000005
7 0.608640625 0.8359333333333334 0.03506249999999985 0.07871111111111102
3 0.70971875 0.5973999999999999 0.03649999999999996 0.069011111111111
3 0.5251458333333333 0.3393222222222222 0.023729166666666638 0.05006666666666661
3 0.4995104166666666 0.4138 0.02493229166666661 0.07695555555555554
7 0.5473645833333334 0.6734333333333333 0.03044270833333324 0.06666666666666667
7 0.4365208333333333 0.8671888888888889 0.034421875000000074 0.08157777777777786
7 0.54565625 0.8140666666666666 0.03390624999999995 0.07525555555555558
7 0.45703125 0.9406222222222221 0.0379635416666666 0.08378888888888898
7 0.48144270833333336 0.8364555555555555 0.03506249999999997 0.07936666666666674
3 0.6899427083333334 0.6588555555555556 0.05520833333333333 0.07525555555555558
7 0.49609375 0.7494777777777778 0.02865624999999999 0.07122222222222212
5 0.6977552083333334 0.6729222222222222 0.015604166666666686 0.02843333333333324
7 0.516359375 0.7442666666666667 0.027906249999999962 0.07245555555555559
7 0.5720208333333333 0.7479222222222223 0.03628645833333337 0.07871111111111102
0 0.2659479166666666 0.36944444444444446 0.027994791666666668 0.06111111111111111
0 0.294921875 0.4140666666666667 0.022203125000000056 0.0542333333333334
0 0.19872916666666665 0.5049444444444444 0.03179687500000009 0.049766666666666626
0 0.2734375 0.55 0.02747916666666678 0.05071111111111122
0 0.2563489583333334 0.4632777777777778 0.02493229166666661 0.048377777777777735
0 0.228515625 0.4390666666666667 0.025421874999999972 0.04736666666666666
0 0.22509895833333335 0.5406222222222222 0.02848958333333324 0.049377777777777715
0 0.3139635416666666 0.4955777777777778 0.023468749999999972 0.0474555555555556