7 0.7060520833333332 0.18645555555555557 0.018020833333333285 0.03763333333333334
7 0.69921875 0.13866666666666666 0.01658854166666662 0.03304444444444445
7 0.6767552083333332 0.12845555555555555 0.01698437499999983 0.03512222222222221
7 0.7060520833333332 0.15833333333333333 0.021484375 0.037077777777777786
2 0.4096666666666666 0.2856777777777778 0.013328125000000076 0.026111111111111113
7 0.7087395833333333 0.12331111111111112 0.01590104166666677 0.03291111111111111
7 0.6589375 0.16692222222222222 0.017182291666666554 0.035811111111111134
2 0.423828125 0.3148444444444445 0.013374999999999915 0.026822222222222206
3 0.8537604166666667 0.2947888888888889 0.024703124999999916 0.04040000000000001
3 0.24365104166666665 0.5604222222222223 0.05898958333333345 0.1040333333333332
3 0.8264166666666667 0.3106777777777778 0.026807291666666563 0.0400444444444444
3 0.8361822916666667 0.2697888888888889 0.025802083333333316 0.036488888888888925
7 0.666015625 0.10735555555555557 0.015364583333333333 0.0317888888888889
7 0.6831041666666666 0.17083333333333334 0.019302083333333307 0.04827777777777777
7 0.6833489583333333 0.11497777777777778 0.014619791666666751 0.03277777777777778
3 0.2890625 0.6312555555555556 0.05911458333333333 0.10462222222222231
2 0.4345677083333333 0.2734333333333333 0.0125729166666666 0.02735555555555556
1 0.07323958333333327 0.5869777777777777 0.03817708333333343 0.07623333333333322
3 0.7707499999999999 0.26796666666666663 0.023557291666666678 0.03189999999999998
7 0.6923802083333332 0.11646666666666666 0.014671875000000037 0.03241111111111113
9 0.9074687499999999 0.4838555555555556 0.03476041666666679 0.051788888888888905
9 0.8680416666666666 0.4487 0.03185937500000004 0.05045555555555552
9 0.8295885416666666 0.4539111111111111 0.029817708333333335 0.049222222222222174
2 0.337890625 0.30364444444444444 0.011161458333333247 0.028211111111111097
9 0.9161354166666666 0.5510444444444444 0.03671354166666655 0.052311111111111155
1 0.14306770833333335 0.4895888888888889 0.06197916666666667 0.08554444444444445
3 0.6355 0.23033333333333333 0.021817708333333505 0.054944444444444435
9 0.87109375 0.5213555555555556 0.034421875000000074 0.05391111111111109
0 0.8703593749999999 0.13105555555555556 0.018828125000000046 0.031788888888888873
9 0.8303229166666667 0.5453111111111111 0.032286458333333455 0.0549444444444445
1 0.03759895833333336 0.5283888888888888 0.06536979166666677 0.09218888888888892
9 0.9183333333333333 0.6026 0.03726041666666665 0.058855555555555585
9 0.8331302083333334 0.49713333333333337 0.031203124999999925 0.051500000000000025
9 0.882203125 0.5958333333333333 0.035218749999999945 0.04127777777777788
8 0.43359375 0.11412222222222222 0.009781250000000104 0.022299999999999993
5 0.4995104166666666 0.47942222222222225 0.014333333333333325 0.03903333333333333
0 0.9014270833333333 0.1345 0.019609375000000047 0.03
8 0.4189427083333333 0.13078888888888887 0.010489583333333267 0.024088888888888896
8 0.4116197916666666 0.15468888888888888 0.011598958333333324 0.025133333333333337
3 0.6596666666666666 0.27005555555555555 0.024843749999999904 0.0649444444444445
7 0.4296875 0.16236666666666666 0.011640624999999953 0.024266666666666638
1 0.09667708333333327 0.4302111111111111 0.059328124999999926 0.05332222222222223
0 0.8635260416666667 0.11204444444444445 0.016661458333333455 0.029877777777777764
0 0.8815937500000001 0.10755555555555556 0.0167239583333334 0.028211111111111128
0 0.864625 0.09095555555555555 0.01666145833333322 0.03
9 0.9337760416666666 0.6416666666666667 0.03149479166666656 0.04286666666666659
0 0.828125 0.09876666666666667 0.015604166666666686 0.029766666666666657
5 0.3530260416666666 0.06887777777777777 0.006072916666666591 0.023433333333333337
0 0.8334947916666666 0.11732222222222223 0.015776041666666647 0.032166666666666656
0 0.8449687499999999 0.0888 0.014619791666666751 0.027777777777777776
7 0.66015625 0.1391888888888889 0.019682291666666647 0.03678888888888887
7 0.4243177083333334 0.1891888888888889 0.014281250000000039 0.031055555555555545
5 0.3754895833333334 0.3390666666666667 0.009744791666666686 0.027244444444444425
5 0.4619114583333333 0.1345 0.018874999999999885 0.04247777777777777
5 0.30859375 0.5216111111111111 0.016343750000000056 0.04026666666666668