7 0.29394791666666664 0.18645555555555557 0.018020833333333285 0.03763333333333334
7 0.30078125 0.13866666666666666 0.01658854166666662 0.03304444444444444
7 0.32324479166666664 0.12845555555555555 0.016984374999999947 0.03512222222222221
7 0.29394791666666664 0.15833333333333333 0.021484375 0.037077777777777786
2 0.5903333333333334 0.2856777777777778 0.013328125000000076 0.026111111111111113
7 0.2912604166666667 0.12331111111111112 0.015901041666666654 0.03291111111111111
7 0.3410625 0.16692222222222222 0.017182291666666672 0.035811111111111134
2 0.576171875 0.3148444444444445 0.013374999999999915 0.026822222222222206
3 0.1462395833333333 0.2947888888888889 0.024703124999999975 0.04040000000000001
3 0.7563489583333334 0.5604222222222223 0.05898958333333345 0.10403333333333327
3 0.1735833333333333 0.3106777777777778 0.02680729166666668 0.0400444444444444
3 0.1638177083333333 0.2697888888888889 0.025802083333333316 0.036488888888888925
7 0.333984375 0.10735555555555557 0.015364583333333333 0.0317888888888889
7 0.3168958333333334 0.17083333333333334 0.019302083333333307 0.04827777777777777
7 0.3166510416666667 0.11497777777777778 0.014619791666666633 0.03277777777777778
3 0.7109375 0.6312555555555556 0.05911458333333333 0.10462222222222231
2 0.5654322916666668 0.2734333333333333 0.0125729166666666 0.02735555555555553
1 0.9267604166666668 0.5869777777777777 0.03817708333333343 0.07623333333333329
3 0.22925 0.26796666666666663 0.023557291666666678 0.03189999999999998
7 0.30761979166666664 0.11646666666666666 0.014671875000000037 0.03241111111111113
9 0.09253125 0.4838555555555556 0.03476041666666667 0.051788888888888905
9 0.13195833333333334 0.4487 0.031859374999999995 0.05045555555555552
9 0.17041145833333332 0.4539111111111111 0.029817708333333335 0.049222222222222174
2 0.662109375 0.30364444444444444 0.011161458333333247 0.028211111111111097
9 0.08386458333333334 0.5510444444444444 0.03671354166666667 0.052311111111111155
1 0.8569322916666666 0.4895888888888889 0.06197916666666667 0.08554444444444445
3 0.3645 0.23033333333333333 0.021817708333333387 0.054944444444444435
9 0.12890625 0.5213555555555556 0.03442187500000002 0.05391111111111109
0 0.129640625 0.13105555555555556 0.018828125000000005 0.031788888888888873
9 0.1696770833333333 0.5453111111111111 0.03228645833333334 0.0549444444444445
1 0.9624010416666666 0.5283888888888888 0.06536979166666677 0.09218888888888886
9 0.08166666666666668 0.6026 0.03726041666666668 0.058855555555555585
9 0.16686979166666666 0.49713333333333337 0.031203124999999984 0.051500000000000025
9 0.11779687500000001 0.5958333333333333 0.035218750000000014 0.04127777777777788
8 0.56640625 0.11412222222222222 0.009781250000000104 0.022299999999999993
5 0.5004895833333334 0.47942222222222225 0.014333333333333325 0.03903333333333333
0 0.09857291666666666 0.1345 0.019609374999999988 0.030000000000000016
8 0.5810572916666668 0.13078888888888887 0.010489583333333267 0.024088888888888882
8 0.5883802083333334 0.15468888888888888 0.011598958333333324 0.025133333333333337
3 0.3403333333333334 0.27005555555555555 0.024843750000000022 0.06494444444444446
7 0.5703125 0.16236666666666666 0.011640624999999953 0.024266666666666638
1 0.9033229166666668 0.4302111111111111 0.059328124999999926 0.05332222222222223
0 0.1364739583333333 0.11204444444444445 0.016661458333333337 0.029877777777777764
0 0.11840625 0.10755555555555556 0.01672395833333334 0.028211111111111128
0 0.135375 0.09095555555555555 0.016661458333333337 0.03
9 0.06622395833333333 0.6416666666666667 0.03149479166666666 0.04286666666666659
0 0.171875 0.09876666666666667 0.015604166666666686 0.029766666666666657
5 0.6469739583333334 0.06887777777777777 0.006072916666666591 0.02343333333333333
0 0.16650520833333332 0.11732222222222223 0.015776041666666647 0.032166666666666656
0 0.15503125 0.0888 0.014619791666666692 0.027777777777777776
7 0.33984375 0.1391888888888889 0.019682291666666647 0.03678888888888887
7 0.5756822916666666 0.1891888888888889 0.014281250000000039 0.031055555555555545
5 0.6245104166666666 0.3390666666666667 0.009744791666666686 0.027244444444444425
5 0.5380885416666668 0.1345 0.018874999999999944 0.04247777777777777
5 0.69140625 0.5216111111111111 0.016343750000000056 0.04026666666666668