3 0.3500989583333334 0.6927111111111112 0.06210416666666655 0.11732222222222213
5 0.6015625 0.3270888888888889 0.015776041666666647 0.043555555555555604
5 0.4985364583333334 0.4838555555555556 0.017380208333333275 0.036355555555555585
9 0.287109375 0.23085555555555556 0.014390625000000056 0.02853333333333334
9 0.310546875 0.23358888888888887 0.012968750000000048 0.02641111111111109
9 0.2739270833333334 0.26054444444444447 0.015604166666666686 0.03094444444444447
9 0.3017552083333333 0.2474 0.014505208333333287 0.030111111111111137
9 0.3227552083333334 0.2349 0.010057291666666638 0.023355555555555536
9 0.2724583333333333 0.2419222222222222 0.013687500000000104 0.02398888888888886
3 0.16698958333333327 0.2677111111111111 0.023072916666666762 0.0392555555555556
3 0.3706041666666666 0.5989555555555555 0.05252083333333341 0.08678888888888878
3 0.19140625 0.2600222222222222 0.025223958333333248 0.035122222222222235
5 0.5200208333333334 0.4747444444444444 0.013427083333333319 0.023811111111111057
9 0.2919895833333333 0.26093333333333335 0.013067708333333409 0.029088888888888897
9 0.3076145833333333 0.2669222222222222 0.013479166666666724 0.028644444444444476
7 0.021484375 0.36562222222222224 0.033322916666666674 0.043622222222222215
5 0.4702135416666666 0.8052111111111112 0.013479166666666724 0.04541111111111099
3 0.08838020833333336 0.3783888888888889 0.03192187499999998 0.049966666666666694
3 0.4033177083333333 0.7463555555555555 0.021041666666666715 0.047922222222222345
5 0.3247083333333334 0.6151 0.036989583333333326 0.06266666666666677
5 0.658203125 0.4544222222222222 0.011114583333333409 0.01902222222222223
3 0.11767708333333336 0.3729222222222222 0.03869791666666676 0.05241111111111107
7 0.01229166666666662 0.34531111111111107 0.02458333333333324 0.04286666666666671
7 0.07128645833333327 0.3382777777777778 0.02747916666666678 0.041433333333333294
0 0.06005729166666664 0.21484444444444445 0.013124999999999906 0.022033333333333315
5 0.54296875 0.3625 0.009088541666666571 0.016800000000000006
7 0.044921875 0.3484333333333333 0.03817708333333343 0.060677777777777796
0 0.052734375 0.20807777777777778 0.011328125 0.026933333333333344
3 0.396484375 0.9786444444444444 0.022416666666666647 0.04016666666666677
0 0.10302604166666664 0.19635555555555556 0.014229166666666753 0.022377777777777764
7 0.06494270833333336 0.1953111111111111 0.013791666666666676 0.024166666666666666
0 0.078125 0.21224444444444446 0.014734374999999982 0.025811111111111132
2 0.0171875 0.7622222222222222 0.034375 0.04666666666666667
0 0.11425520833333327 0.18125555555555556 0.014390625000000056 0.02381111111111112
10 0.6212552083333333 0.36937777777777775 0.017583333333333447 0.035666666666666694
10 0.6271197916666668 0.41707777777777777 0.027140624999999828 0.04585555555555554
10 0.5994375000000001 0.3858111111111111 0.025619791666666693 0.03797777777777772
10 0.5631770833333333 0.3902111111111111 0.019104166666666582 0.044000000000000025
10 0.582828125 0.4247222222222222 0.018020833333333285 0.0407555555555555
10 0.5730572916666666 0.46709999999999996 0.03017708333333336 0.05418888888888887
10 0.6164791666666666 0.4610777777777778 0.02322916666666662 0.03936666666666661
10 0.6541458333333333 0.47844444444444445 0.02127604166666662 0.03797777777777772
10 0.5598125 0.3538555555555556 0.020192708333333323 0.036122222222222215
10 0.5872760416666668 0.32514444444444446 0.014328125000000113 0.024088888888888833
10 0.6176718749999999 0.3165666666666667 0.015630208333333447 0.033811111111111056