0 0.3930677083333334 0.18684444444444445 0.017911458333333265 0.04664444444444447
0 0.376953125 0.14335555555555557 0.017041666666666563 0.043199999999999995
9 0.719484375 0.11842222222222222 0.02284374999999983 0.043877777777777786
9 0.7458489583333333 0.14153333333333332 0.022244791666666687 0.04313333333333333
9 0.666015625 0.1291 0.02089062499999983 0.04404444444444443
9 0.6708958333333332 0.16744444444444442 0.022322916666666495 0.04654444444444443
0 0.3173802083333333 0.21106666666666668 0.021453125000000028 0.04232222222222219
9 0.6953125 0.12083333333333333 0.020598958333333427 0.0416
9 0.7124010416666666 0.15664444444444442 0.022463541666666722 0.04583333333333333
0 0.3647447916666666 0.27031111111111117 0.02052083333333338 0.041277777777777754
9 0.7536614583333333 0.1875 0.023421874999999894 0.04681111111111111
9 0.728515625 0.10578888888888888 0.018401041666666628 0.03610000000000001
9 0.703859375 0.20025555555555555 0.020796875000000152 0.04583333333333333
9 0.727296875 0.18984444444444445 0.02297916666666661 0.04628888888888885
0 0.3603489583333333 0.20625555555555555 0.018156250000000065 0.04026666666666668
3 0.5952135416666666 0.30963333333333337 0.021744791666666666 0.049022222222222224
0 0.3427708333333333 0.178 0.018479166666666675 0.03866666666666668
3 0.57690625 0.27135555555555557 0.03283854166666676 0.06666666666666667
0 0.3310520833333333 0.24608888888888888 0.01953125 0.04095555555555557
7 0.538328125 0.7125 0.03582812499999998 0.07441111111111114
7 0.596921875 0.6625 0.03143229166666662 0.06783333333333329
3 0.701171875 0.5156222222222222 0.032468750000000074 0.06032222222222218
7 0.4692395833333334 0.754688888888889 0.03185937500000004 0.07167777777777777
7 0.4599583333333333 0.6744777777777777 0.030916666666666735 0.06410000000000006
3 0.7119114583333332 0.5656222222222221 0.029036458333333334 0.06383333333333338
7 0.501953125 0.6760444444444446 0.030916666666666613 0.06823333333333342
7 0.4506822916666666 0.5822888888888889 0.029375000000000047 0.06194444444444445
0 0.3984375 0.2503888888888889 0.018770833333333313 0.039944444444444435
7 0.5458958333333332 0.6072888888888889 0.029708333333333316 0.06432222222222234
7 0.4897447916666666 0.5864555555555555 0.029708333333333316 0.062044444444444354
7 0.5654270833333332 0.5075555555555555 0.027437500000000153 0.05963333333333329
7 0.5126927083333334 0.5369777777777778 0.025083333333333378 0.060088888888888935
7 0.5300312500000001 0.5411444444444444 0.024140624999999954 0.05986666666666679
7 0.577390625 0.5765666666666667 0.033203125 0.06481111111111103
7 0.4565416666666666 0.6395888888888889 0.031203124999999925 0.057844444444444386
5 0.7451145833333332 0.5661444444444445 0.022463541666666722 0.0449888888888889
3 0.7534166666666666 0.6036444444444444 0.0343020833333334 0.06383333333333338