0 0.6069322916666666 0.18684444444444445 0.017911458333333265 0.04664444444444447
0 0.623046875 0.14335555555555557 0.017041666666666563 0.043199999999999995
9 0.280515625 0.11842222222222222 0.022843749999999947 0.043877777777777786
9 0.2541510416666667 0.14153333333333332 0.022244791666666687 0.04313333333333333
9 0.333984375 0.1291 0.020890624999999947 0.04404444444444443
9 0.32910416666666664 0.16744444444444442 0.022322916666666616 0.04654444444444443
0 0.6826197916666668 0.21106666666666668 0.021453125000000028 0.04232222222222219
9 0.3046875 0.12083333333333333 0.02059895833333331 0.0416
9 0.2875989583333334 0.15664444444444442 0.022463541666666722 0.04583333333333333
0 0.6352552083333334 0.27031111111111117 0.02052083333333338 0.04127777777777778
9 0.2463385416666667 0.1875 0.023421875000000016 0.04681111111111111
9 0.271484375 0.10578888888888888 0.01840104166666666 0.03610000000000001
9 0.296140625 0.20025555555555555 0.020796875000000034 0.04583333333333333
9 0.272703125 0.18984444444444445 0.02297916666666664 0.04628888888888885
0 0.6396510416666668 0.20625555555555555 0.018156250000000065 0.04026666666666668
3 0.4047864583333334 0.30963333333333337 0.021744791666666666 0.049022222222222224
0 0.6572291666666668 0.178 0.018479166666666675 0.03866666666666668
3 0.42309375 0.27135555555555557 0.032838541666666644 0.0666666666666667
0 0.6689479166666668 0.24608888888888888 0.01953125 0.04095555555555557
7 0.461671875 0.7125 0.03582812499999998 0.07441111111111114
7 0.403078125 0.6625 0.03143229166666662 0.06783333333333329
3 0.298828125 0.5156222222222222 0.032468749999999956 0.06032222222222218
7 0.5307604166666666 0.754688888888889 0.03185937500000004 0.07167777777777777
7 0.5400416666666668 0.6744777777777777 0.030916666666666672 0.06410000000000006
3 0.28808854166666664 0.5656222222222221 0.029036458333333334 0.06383333333333333
7 0.498046875 0.6760444444444446 0.030916666666666613 0.06823333333333342
7 0.5493177083333334 0.5822888888888889 0.029375000000000047 0.06194444444444445
0 0.6015625 0.2503888888888889 0.018770833333333313 0.039944444444444435
7 0.45410416666666664 0.6072888888888889 0.029708333333333316 0.06432222222222234
7 0.5102552083333334 0.5864555555555555 0.029708333333333316 0.062044444444444416
7 0.43457291666666664 0.5075555555555555 0.027437500000000035 0.05963333333333329
7 0.48730729166666664 0.5369777777777778 0.025083333333333378 0.060088888888888935
7 0.46996875 0.5411444444444444 0.024140624999999954 0.05986666666666673
7 0.422609375 0.5765666666666667 0.033203125 0.0648111111111111
7 0.5434583333333334 0.6395888888888889 0.031203124999999984 0.057844444444444386
5 0.25488541666666664 0.5661444444444445 0.022463541666666663 0.0449888888888889
3 0.24658333333333332 0.6036444444444444 0.03430208333333334 0.06383333333333338