7 0.27246354166666664 0.21184444444444445 0.017380208333333307 0.03447777777777781
7 0.29199479166666664 0.2056 0.017776041666666725 0.0383777777777778
7 0.31543229166666664 0.2056 0.01616145833333332 0.03404444444444443
3 0.19519270833333333 0.25625555555555557 0.026505208333333325 0.04566666666666669
3 0.1677239583333333 0.2705777777777778 0.025468749999999988 0.032166666666666656
7 0.31128125 0.16992222222222222 0.014505208333333287 0.03365555555555558
7 0.2788072916666666 0.1891888888888889 0.015541666666666624 0.03404444444444443
9 0.0808125 0.3966111111111111 0.02801562500000001 0.04404444444444443
7 0.30346875 0.15546666666666664 0.0140625 0.030466666666666684
2 0.517578125 0.4143222222222222 0.013166666666666653 0.026222222222222247
0 0.15576041666666668 0.13515555555555556 0.01640104166666667 0.02682222222222224
9 0.04534895833333333 0.41302222222222224 0.030333333333333337 0.042644444444444436
3 0.332765625 0.27447777777777776 0.018875000000000006 0.036911111111111075
8 0.5034166666666666 0.2464888888888889 0.008744791666666647 0.020166666666666642
9 0.09027083333333333 0.44765555555555553 0.028546875000000003 0.04628888888888885
9 0.022109375 0.46823333333333333 0.032593750000000005 0.044822222222222256
9 0.05844270833333333 0.4559888888888889 0.030671875000000008 0.04566666666666669
7 0.2895520833333334 0.16067777777777778 0.01616145833333332 0.03378888888888892
9 0.10504166666666667 0.4112 0.027328125000000016 0.04338888888888884
9 0.07824479166666666 0.4838555555555556 0.030854166666666672 0.0375
7 0.2983385416666666 0.1901 0.01583854166666671 0.029311111111111107
8 0.5395520833333334 0.21366666666666667 0.009416666666666629 0.02023333333333331
8 0.5405260416666666 0.23125555555555555 0.008781250000000067 0.020788888888888867
8 0.5063489583333334 0.21002222222222222 0.010208333333333286 0.02493333333333333
0 0.1345208333333333 0.13248888888888888 0.015671875000000002 0.024833333333333325
5 0.4880364583333333 0.6609333333333334 0.017182291666666672 0.05160000000000006
8 0.521484375 0.28255555555555556 0.008124999999999953 0.018022222222222252
9 0.012291666666666668 0.5025999999999999 0.023911458333333333 0.034866666666666664
3 0.3063958333333333 0.2677111111111111 0.027374999999999972 0.03736666666666666
3 0.4399427083333334 0.6974 0.04663020833333332 0.11432222222222234
3 0.2697760416666667 0.2942666666666666 0.02006770833333332 0.0324111111111111
0 0.19128645833333333 0.1106111111111111 0.020291666666666687 0.03538888888888888
0 0.17175520833333333 0.10442222222222222 0.013427083333333319 0.022544444444444436
0 0.18652604166666667 0.12864444444444445 0.012338541666666696 0.02745555555555555
5 0.5009791666666666 0.4783888888888889 0.01658854166666662 0.035811111111111134
0 0.16052083333333333 0.11732222222222223 0.022109375000000025 0.03143333333333333
5 0.6298854166666668 0.17930000000000001 0.0074062499999998956 0.027144444444444454
3 0.5322291666666668 0.6744777777777777 0.0541979166666667 0.06458888888888902
5 0.5004895833333334 0.6229222222222223 0.018401041666666628 0.04183333333333344
8 0.5024427083333334 0.2684888888888889 0.009895833333333333 0.026222222222222247
5 0.7529322916666668 0.4987 0.013479166666666724 0.03315555555555559
5 0.7138697916666668 0.5562555555555555 0.010489583333333267 0.02853333333333334
7 0.32153125 0.1783888888888889 0.015776041666666647 0.03241111111111113
9 0.03210416666666667 0.5025999999999999 0.01840104166666667 0.0182333333333333
5 0.7817395833333334 0.39765555555555554 0.012723958333333249 0.033655555555555515
5 0.6616197916666666 0.6333333333333333 0.016343750000000056 0.039555555555555455
8 0.5229479166666666 0.2356777777777778 0.010567708333333314 0.025911111111111104
5 0.6987291666666666 0.5687555555555556 0.01013020833333324 0.033655555555555515
5 0.6826197916666668 0.6369777777777778 0.013791666666666676 0.0364888888888888
1 0.7063802083333334 0.7118111111111111 0.05078125 0.12638888888888888
1 0.7436510416666666 0.7244777777777778 0.03469791666666661 0.09335555555555554
1 0.8330104166666668 0.8291666666666667 0.0630468750000001 0.14622222222222211
1 0.7573229166666666 0.8734333333333334 0.041135416666666674 0.14440000000000003
1 0.9228541666666668 0.8864555555555554 0.055421874999999926 0.04817777777777767
1 0.7944322916666666 0.6703111111111111 0.07586458333333326 0.0799444444444445
1 0.966796875 0.9557333333333333 0.06189062499999996 0.08502222222222221
1 0.8828125 0.7822888888888888 0.06408854166666676 0.13567777777777768
1 0.9267604166666668 0.9171888888888889 0.03896875000000009 0.05168888888888887
5 0.5454114583333334 0.9036444444444444 0.012192708333333257 0.04215555555555561
5 0.5170885416666666 0.4434888888888889 0.012380208333333325 0.03736666666666666
5 0.23559375 0.15585555555555558 0.012479166666666685 0.036788888888888906
1 0.8881822916666666 0.9687555555555556 0.07238541666666667 0.06123333333333322
1 0.826171875 0.975 0.05706770833333342 0.047922222222222345