2 0.7275364583333332 0.4268222222222222 0.016921874999999885 0.030111111111111137
2 0.7657447916666666 0.44895555555555555 0.020218750000000084 0.033788888888888854
2 0.6848125 0.4268222222222222 0.018401041666666628 0.0325333333333333
2 0.7172864583333334 0.4630222222222223 0.018984374999999904 0.034599999999999985
2 0.689453125 0.47734444444444446 0.019562499999999972 0.036655555555555566
2 0.71753125 0.5091111111111111 0.019838541666666744 0.03721111111111112
2 0.6975104166666667 0.5567666666666665 0.021453125000000028 0.04026666666666668
2 0.75525 0.5474 0.0200677083333332 0.03610000000000001
8 0.51171875 0.4356777777777778 0.017302083333333346 0.03837777777777774
8 0.576171875 0.45755555555555555 0.015130208333333428 0.0325333333333333
2 0.7563489583333334 0.49114444444444444 0.020765624999999944 0.034988888888888896
2 0.7905260416666666 0.5320333333333334 0.02332812499999998 0.0382111111111111
8 0.5107395833333334 0.5588555555555555 0.014734374999999982 0.0325333333333333
2 0.8089583333333333 0.6140666666666666 0.025510416666666678 0.0439444444444444
8 0.5434583333333334 0.44401111111111113 0.016786458333333344 0.03942222222222224
2 0.7321770833333333 0.567188888888889 0.022677083333333313 0.04215555555555561
8 0.52465625 0.49348888888888887 0.01953125 0.049477777777777746
8 0.5964375 0.4945333333333333 0.022677083333333313 0.05279999999999998
8 0.59496875 0.5666666666666667 0.02284374999999983 0.05081111111111113
8 0.560546875 0.4974 0.02215624999999998 0.05006666666666673
3 0.5329583333333333 0.10442222222222222 0.013848958333333172 0.036655555555555566
8 0.4672864583333334 0.5364555555555556 0.021531250000000075 0.04967777777777782
8 0.5556614583333332 0.5572888888888888 0.024656250000000077 0.0549444444444445
0 0.4462864583333333 0.04524444444444444 0.009270833333333428 0.022122222222222217
3 0.5549322916666667 0.10214444444444445 0.014619791666666751 0.047000000000000014
3 0.9740364583333334 0.40468888888888893 0.05192708333333324 0.10598888888888887
2 0.7875989583333334 0.4966111111111111 0.02116145833333339 0.040722222222222194
5 0.8609635416666667 0.9474 0.020645833333333266 0.037077777777777654
3 0.553953125 0.1854222222222222 0.013635416666666818 0.047000000000000014
3 0.8435052083333333 0.9494777777777778 0.014671875000000037 0.02641111111111109
8 0.482421875 0.4838555555555556 0.022109375000000025 0.05485555555555556
9 0.6490833333333333 0.08887777777777778 0.013843749999999962 0.018388888888888903
9 0.67553125 0.09361111111111112 0.010578124999999971 0.026744444444444435
9 0.6651458333333333 0.09737777777777779 0.009927083333333305 0.025911111111111104
9 0.6779427083333334 0.10656666666666666 0.014364583333333295 0.02256666666666667
9 0.6520208333333334 0.11451111111111112 0.015281250000000076 0.026744444444444435
9 0.6345208333333333 0.11102222222222223 0.013713541666666629 0.030922222222222236
9 0.6281874999999999 0.08525555555555556 0.012796874999999848 0.025633333333333327
9 0.622046875 0.09848888888888889 0.012015624999999848 0.027022222222222215
4 0.40224479166666666 0.14206666666666667 0.023057291666666656 0.041944444444444444
4 0.380828125 0.18737777777777775 0.024458333333333353 0.046188888888888883
4 0.32705208333333335 0.19762222222222223 0.024812499999999935 0.05018888888888891
4 0.3566041666666667 0.2200888888888889 0.031484374999999905 0.05367777777777778
4 0.3729270833333333 0.1569222222222222 0.033937499999999926 0.035699999999999996
4 0.3345416666666666 0.1282111111111111 0.036515625000000065 0.0392
4 0.3212552083333333 0.16004444444444443 0.025161458333333307 0.037455555555555534
4 0.3609322916666667 0.12645555555555557 0.021182291666666703 0.029711111111111122
6 0.37069270833333334 0.0526 0.023828125 0.04128888888888888
6 0.3487916666666667 0.04106666666666667 0.0178958333333334 0.036844444444444444
6 0.33193749999999994 0.07025555555555556 0.01477604166666661 0.026411111111111107
6 0.322 0.06103333333333333 0.016125000000000018 0.039066666666666666
6 0.30535416666666665 0.05904444444444445 0.01966666666666678 0.04972222222222222
6 0.3278802083333333 0.039066666666666666 0.01622916666666659 0.036844444444444444